Taxa	ADW	FW	ML	pSL	RL	SL	TL
030-1	0.019695889965089	0.32164410212545	1.74403376445591	12.8421028573215	11.7802519198985	14.6129900985623	26.006405840162
1101	0.0208414176542696	0.340335640367703	1.25015880140523	13.601734093119	14.4908129666945	14.8830312246345	29.2949615421071
1145	0.0180899535012615	0.273573367567998	1.22018589417533	9.73332527219053	9.36384433268054	10.9486002056005	20.1680340610304
150-4	0.0195575750090727	0.275738358843821	1.66602300275529	10.790206236622	10.380625349713	12.4824185091219	22.6568644384346
1538	0.0169661218547011	0.239658933508299	1.7558779987313	10.6464737234288	11.7998875811137	12.4414988304232	24.1555168890628
1614	0.0261059704385891	0.351984530520016	1.83746717542423	13.4740587227428	12.4158357610966	15.3489421295413	27.4372396914945
18	0.0116443965295907	0.218045332397335	1.4476509565511	10.5018203418689	8.74367919873002	11.9659707027972	20.3710463529164
2005	0.0108861796688498	0.186821942963239	2.77491564025359	9.57270968038299	8.00675565687675	12.4276025724951	19.8201722162043
20837	0.0132370636324748	0.283829832170253	1.41154559468365	8.9057800354433	11.0613601222016	10.3100269229447	21.3917172020745
2MA22	0.00920756856046558	0.161574131659104	1.11646517085737	7.61464546118368	3.50485682612433	8.67872781830842	11.7365921253194
3335	0.0128470967595623	0.212395263740017	1.84552145334315	10.221052371952	9.06725379882279	12.1574975285311	20.8636832195179
468-3	0.0164299174044464	0.232251242400017	1.42229067216194	9.67300749359796	10.6954733365948	11.1215047183533	21.6925914464516
4722	0.0159668317428627	0.222327061278412	2.0620466193103	11.640539154297	10.5771692651392	13.7290278621276	24.0410350860891
5707	0.0214267865308573	0.298916172562292	1.8932845081393	12.0916523710511	14.8152113191772	14.1136883325782	29.0789078604413
6	0.0202320944153438	0.321831532377195	1.34027361892342	11.95762996686	11.5445153787303	13.3447820275706	24.6910647478833
7146		0.314419332059274	2.16268993541068	12.8151161699761	15.7284662505646	15.0440457101555	30.8764883327105
7236	0.00954198171150989	0.153382236455373	1.19403110100706	8.11152096650147	8.81140473250685	9.22120467993883	18.3203192413157
75-364	0.02924148773342	0.367653747672805	1.76443692448586	18.1603194126266	14.8265534704121	19.9398893511785	34.4153479107983
757	0.0148213040536821	0.258856678310748	1.71384797908961	10.4166193710358	13.5688574740752	12.1286693671969	25.7750038113051
78010	0.0306280082280833	0.37812608295398	1.90520862678549	15.199504012863	13.4049716507151	17.1319380565246	30.1745938320018
785	0.0220356912025644	0.3285938362126	2.15904254419423	15.6522171991787	15.323469524153	17.8750423706055	32.9064261238307
78551S	0.0231097078398698	0.301283150457191	1.8456791938707	13.8558430081424	12.6034005948889	15.7138588005596	28.2831574551659
7903E	0.0134644024575181	0.207734282945832	2.18902365571185	9.42125301765839	7.42637593947863	11.5952352875009	18.5740476008423
807	0.0290443854914174	0.339436559409557	2.20005573273185	15.4982020078122	19.0009283811219	17.5830202127106	36.3870563858129
84-126-15-1	0.0132832904495929	0.213486133148274	1.65782176316795	9.97415191999725	9.7853021649216	11.6023064477667	21.2690804731357
897	0.0166955029024511	0.269126775741702	1.11443226196886	9.47215380256315	12.6605859830172	10.563187077095	23.3485433527359
8982	0.0145771249517009	0.217230806327794	1.57263140822667	9.50979587539743	9.87416552942568	11.1523283255978	20.8520855295858
9058	0.0185503622759084	0.271553771198252	2.0787485622018	11.0449417179877	10.429943868305	13.178438815109	23.4349108272662
91huang10		0.221533512619905	1.77946899390943	8.11572662101834	9.86482827127222	9.90247249927072	20.0912983094366
91huang15	0.0159668317428627	0.235013862042666	2.04482203662924	11.3151945799075	11.3444038178842	13.3653132097574	24.4636258451391
91huang5	0.0139034971005519	0.209476869897616	1.6208599951414	7.39834886685573	9.31949429101487	8.91127832291021	18.6370559047926
96201	0.0160426252461864	0.249461136321253	1.67638278269447	10.7733272493653	9.97991726992241	12.4610061081626	22.1582166004067
9702	0.0149675416310243	0.218906294868791	1.92303706954809	10.3099783581821	10.5082302237479	12.3366461245901	22.6870341693069
9710	0.0192131473001819	0.249598260333213	1.67770431869181	11.047897654836	12.422400761524	12.7340323492473	25.1475921117005
99122	0.0147227880308753	0.239900063182553	2.26569747703291	12.0098045844488	10.432464979233	14.2883705084902	24.6828436375483
A554	0.0161240586249019	0.25911661822632	1.51836192189474	10.2036952725559	15.0665693356953	11.7574951027223	27.3004017298958
A619	0.0238277994687508	0.353707886640118	1.59030516739146	11.7575309905728	15.9140967253016	13.3181193433851	29.6524747596649
Ay420	0.0159679152000955	0.292526315809768	1.54549643910308	8.96974340449028	9.962333359116	10.5620755653041	20.5243765547294
B09	0.0136255413818099	0.193438501752888	1.8260854988959	10.3296269761818	9.41292449951283	12.2131549186318	21.2966920220029
B7	0.0285432633942926	0.346869581716825	1.6974435933304	14.6733895779382	15.9746622316457	16.4298123346482	32.2636795483192
B73	0.0122540059994139	0.208009319651798	1.73189175341418	11.805064766702	11.6911771358419	13.5195906355417	25.2449514569004
B98	0.0179897848960966	0.22570479406619	1.51257691801995	8.69709671814676	9.76349397806848	10.2970235646666	19.9457210548139
baiU8112	0.0212306894691716	0.264483331603132	1.53868509547544	10.7943670138178	19.2799001603091	12.3470419373479	31.8426218858782
BCC03	0.0126651580719921	0.191811846175016	1.30793026756179	8.97653792740591	7.82830550390523	10.2593858986131	17.9279398286261
BM	0.0203289206323475	0.352908983907127	1.64757786327584	11.6571174371429	11.2105384800866	13.3473548808245	24.3323122650099
C521	0.0154947529035944	0.218514793201993	1.27695613471892	7.15283158687118	9.53184569248803	8.43520175624261	18.1563953175565
C8605-2	0.0370129475609511	0.448127118716624	2.23427616317079	18.9809431460686	21.4102896955911	21.2339029544149	42.5316069196458
CAUCHANG72	0.0154946068104714	0.211001596955883	1.59957618096961	7.87933810398954	9.7510924734827	9.46155779960204	19.3696155700671
CAUMo17	0.0227848972149813	0.324229496752634	1.41961452438536	11.6236195270587	11.072480080983	13.0379844600652	24.1444543689559
CAUZHENG58	0.0215741262998224	0.321005252652877	1.18852737682279	11.9269875170695	11.4492427543032	13.0858712086306	24.6020849072589
chang69	0.0147535138518522	0.234307188087178	2.05334832561939	11.221726863796	14.3915986651644	13.3325298673962	27.8154968275702
chang72	0.0216457243296518	0.326453832041009	1.99566806521994	13.8524065789752	15.4878168957948	15.8916085591042	31.2446300203174
changK	0.0143324961994991	0.216591383817754	1.70829205359588	9.66667649898468	10.9543313092909	11.3394353980639	22.3479476978648
chengzi2142	0.0196691149593208	0.264492387996915	1.6753295029976	11.9723446411755	13.6907855470343	13.6890829635619	27.3118707353292
chong72	0.0246923405242811	0.401457525965473	1.35556044871664	12.4892522157636	13.5574033562872	13.8700227495458	27.3426541862671
Co109	0.0114627178992839	0.174042321206595	1.612593103985	9.80669509668091	14.6395869671023	11.4459000483784	26.56408899236
D1139	0.0152369306247276	0.24972733847229	1.99263802972706	9.90651209464247	10.3675872559647	11.9643177335558	22.1652199890403
d140	0.0179897848960966	0.266284055986221	1.61148850543399	10.3078739969713	10.3175656265997	11.9552981288901	22.095489666382
D15	0.0186188407468369	0.269166739721183	1.48335609339049	10.7885880052429	10.7947029918254	12.2704066921273	22.9817732115869
dan598	0.0161130693202049	0.258837499071411	2.16289755560263	10.6547032014801	12.1610120202795	12.8941052875166	24.9565113213914
DF27	0.0232543376804161	0.389324284050733	1.91800467315119	13.7667720384496	16.4024756026878	15.7212964092983	32.1350021725607
DF32	0.0165926188021042	0.28906567773483	1.32097641216087	11.4783069166215	12.2363478050306	12.7923788801211	25.0230674621565
DH65232-DH9	0.017946185766155	0.279342174037109	1.07636437525553	11.5481833463033	10.7086842191337	12.6121383923448	23.1283817376743
DM07	0.0240830172853553	0.286518652676005	2.02689770593048	14.4408386349308	9.18287516831979	16.5261618373496	25.0214450519845
DM101B	0.0148135194104869	0.246914598993972	1.71147885661258	10.7509132156175	11.1881767865695	12.4684073147917	23.5883765292591
E28	0.0196227711764179	0.23689700686098	1.72789186911433	11.3083558887332	6.96033506534375	13.0824475419125	19.5282563192773
E601	0.0186055980589952	0.242826983854299	1.39620445700615	12.830466836257	8.35819514653466	14.2286935638379	21.8639720345783
E8501	0.0152257540404696	0.233555743716274	1.55399463105362	11.8909341540568	13.3814816740987	13.4457330897072	26.8009306380033
equn3	0.0175119296766602	0.278985215023884	1.49704892532682	8.62699773736386	11.7048942375805	10.0849136780662	22.1161771047156
equn4	0.016844257206916	0.29448844781612	1.1239471847946	11.4202754108065	13.3885250754906	12.5383259646191	25.9565674346472
F7584	0.0167467654886878	0.251237983871226	1.55828127947392	9.93609165014628	9.85000189323806	11.5405005908784	21.2016268428799
fangyin	0.0263945555517692	0.34968577033482	1.10318311079335	13.8917011079111	12.5591066032357	15.0048108337696	27.3097982117274
FBHJ	0.0200127380493305	0.264335911597345	1.13545627015003	13.7310341186178	13.0390032902696	14.8353218679797	27.7043782639629
fu8527	0.0216213514000948	0.294222854564557	2.33307681259537	14.3751087426572	14.4631374890401	16.7092879803321	30.9222798158432
fu8701	0.0117563298600253	0.226315776839182	1.84476473289438	10.2002779815011	8.79119938098513	12.1088977508559	20.6224960920369
fu96	0.0178679202483114	0.249871979362842	1.34633316521172	12.4860574456548	9.9258403894135	13.8778811880749	23.4282513741332
gan41	0.014914652776144	0.202802749689862	1.52154050766906	8.7790838927543	9.84276772172506	10.2379878533418	20.0094814295669
GN4095	0.0107430631225588	0.208029665676272	2.51734581852358	9.40578872838209	9.64835025276551	11.9761850012786	21.4601836101645
H114	0.0111653646201269	0.26379726602298	2.25613127362281	11.9556700898027	11.8436105457903	14.23190383321	25.8846446100164
hai9-21	0.0212676225995196	0.346242832205334	1.61317127791559	15.4707831329729	14.1543861603516	17.0224394207961	31.2512290534744
han21	0.0152356438561517	0.261747272315015	1.50634857013332	10.416273437486	13.9629790076931	11.9692824697034	26.0554231073062
han49	0.0167537577263959	0.228945063267856	1.9061452501016	9.97969387421781	7.60696446196417	11.9187681635249	19.0143687740608
HB8229	0.0146506935467828	0.225556421388548	2.20336350135351	10.9629612311706	11.5859266960257	13.2133585814352	24.5877366421669
HBAI	0.0157962212359635	0.277226112747777	1.43862629767494	10.4451655574678	12.1861051630467	11.9014626227655	24.042127204432
HHe01	0.0200127380493305	0.285118488488617	1.39162491293221	12.3034359219716	13.8388261417757	13.7300070715427	27.5488417251513
huangchangb	0.0187940915714787	0.290412698909853	1.90824410322499	14.7325634243615	11.7330041282529	16.6677897841776	27.8916085457183
huobai	0.0125222869802223	0.200807398676064	1.75684270368241	10.1695583320588	8.065432629162	12.0156066611772	19.8293029688694
huotanghuang	0.0222368101749232	0.328523416619478	2.14601845276865	13.0243089554375	13.8554410229543	15.1810251297856	28.9368794098881
IBB14	0.0161130693202049	0.248700767098392	1.72530446626043	10.9795996938116	11.9592136829446	12.7510865697664	24.6283686124273
J8606	0.0195546219293478	0.285999959029106	1.56353919347954	13.0797857061366	12.8267457977597	14.6329174777094	27.4800081980083
ji432	0.0128045967844914	0.2365948592279	1.39817227702562	11.1207921408749	12.3356752906872	12.4870711842847	24.8798769459752
ji434	0.018026785364221	0.237786491359468	2.34100666060786	12.2951970255546	12.4949397824865	14.6579331372571	26.9582658152869
ji444	0.0123390966892047	0.241815274009001	1.52153431282358	11.2796617774564	14.6346944742477	12.7607275320384	27.6673001160835
ji63	0.0144418879807461	0.210122824063835	2.51599059063318	13.1780930724888	9.71789822953439	15.8293549544465	25.1827513982706
ji833	0.0168483198676453	0.278074901341301	2.1477516178329	10.5131165411031	12.1281701243505	12.7121384641692	24.7654413724275
ji846	0.0191708415907725	0.284915060885043	1.7984886067565	11.5828665362471	12.8028817807508	13.4189253688634	26.1369070695547
jian1495b	0.0197690087537601	0.288964236562518	1.47384915860023	11.6229135394848	12.4153089462671	13.1429097534479	25.4447253658563
K10	0.0269346500435283	0.382395285192392	1.9324347631049	15.2154357212312	14.0227908600366	17.1941984924535	30.8663258552133
K14	0.00752247100801441	0.176039924464799	1.22875942199115	8.49679364859492	7.02293649114933	9.68372596131432	16.5545655885424
K22	0.0415104370133601	0.491865257498054	1.49189570959104	17.1947333385932	16.7748696017417	18.7247045522439	35.6572107186074
KP3130	0.017575445093627	0.260989098351934	2.07448089471416	12.3032063977251	16.5558643334171	14.4433049797872	31.0677709504154
L061M	0.0152112709265946	0.213881107029649	1.54171875619082	9.26871494144921	11.4577290431387	10.8130432139573	22.2942805283935
L139	0.0181847683325529	0.246642940355258	1.7164214011914	10.635580113972	14.3193398409186	12.4017505968435	26.8165131402784
L473	0.0208767929749395	0.32464474457469	1.93961975801926	11.7058698227707	8.14430776540076	13.7088176801342	21.2328054707445
lan766-4-2	0.0180729756922627	0.273748229813159	1.97793904468248	10.5679710253882	10.4846251262049	12.614098326587	22.8608684045988
LH127	0.0144312360032687	0.253953344059098	1.97393087422328	11.1843873442696	11.1797064405055	13.2409438877828	24.1836375286971
LH162	0.0170148677138152	0.235004830268727	1.61763147414019	11.6587220496905	13.4277544171936	13.315316985041	26.6954705058935
LH215	0.0194521606695187	0.281095076623299	1.71387326687476	10.5368605048017	11.5510705376064	12.2839731384171	23.7283392759872
LH60	0.0163347965232373	0.220873164977253	1.13834641574127	8.25262881122809	10.60472547427	9.36146834160768	20.2045623372781
LH82	0.0127739779708912	0.158377726239127	1.4044308925766	8.12143291892098	6.18443794887399	9.53098735400251	15.4523399944547
LH93	0.0191840584443913	0.241983980946634	1.19296119341013	10.4223585157541	13.6543623077475	11.6641209522212	25.4767503118096
liao2204	0.0222063017094636	0.238473813495847	1.82532071078403	9.29322287394708	10.6134111495617	11.17066150989	21.6835644645972
liao5110	0.0133341518522557	0.217378596188568	1.56934672639862	9.75733084727727	10.2694713922761	11.3275093505778	21.5338487492114
liao7794	0.0199472572105435	0.321652856452039	1.61682033745621	10.6582829029682	11.9790898367533	12.2780995852752	24.2302651193227
Lo1067	0.0241561360740264	0.304126822726904	1.84717249823779	13.6868063593833	12.469563574719	15.567645658381	27.680646216655
longkang1	0.00778829947971212	0.137130226731065	1.16333906870157	7.22806762417901	4.71062500537477	8.36528960500197	12.9068300494645
Lp215D	0.0163567986157753	0.250450741638579	2.19443206667957	11.5568896201016	10.1584931996279	13.8761489240954	23.5506527074915
luosu3	0.0163670243080957	0.239554629444948	1.24025181734963	10.0056111149492	11.7049142553101	11.2351777030399	23.0247104554017
Lx9801	0.0152369306247276	0.19230907734291	1.24914491571879	8.93847057637789	11.2286631386663	10.2178217975573	21.5309070381726
M101	0.0111653646201269	0.253569926826662	2.08322178385567	10.6491205137787	7.67324878687871	12.7749224146312	19.9522969852407
M22	0.0142850996034273	0.262601344514553	1.7218899205653	10.2547877303396	9.83676940425633	12.0169101886951	21.6593468480085
M3	0.0144069642512125	0.220413089353959	1.92801195355084	10.7868558355686	8.01473436990213	12.7689426273653	20.3773544821419
M3736	0.0126587078360592	0.145718441681407	2.23271396831441	6.75392351070027	8.31481658554166	9.1265849072848	17.2827068286855
MBUB	0.0146506935467828	0.239619995209755	1.72790234355651	10.4259280552002	12.870323985948	12.2504528442124	25.1536049003163
MDF-13D	0.0160447464595121	0.212265334662175	1.62959211717529	7.9176624346896	7.71068337938544	9.56177339427345	17.0978212378006
mei68113	0.0136757763645014	0.205963618113936	1.77835169308098	9.58896059231991	11.3922202222882	11.4277661597481	22.8056096138883
MM402A	0.0194875004210851	0.283854091706	2.00781380219705	11.7065117398303	12.725386039045	13.730235834009	26.3503578641769
MO113	0.0203295861335719	0.242910123063371	1.79640178181389	11.5995339746909	5.32921468163811	13.4201411637624	18.07751121176
MP	0.00817122925633429	0.155061762864005	2.04135806727308	7.08071520047423	8.0873222990645	9.08520281366855	17.3065575628298
Ms71	0.0174310866968247	0.265413029530808	1.62806677526095	9.89043849174368	8.40031839967616	11.4875530856622	19.6234440038028
N68a	0.0166067926516013	0.253456951442417	2.56843907592278	10.8938033774218	13.2080474457202	13.4954457410277	26.6764966299407
nan21-3	0.0228104600664408	0.288173047895141	1.33468892420262	16.0219125244691	12.5590501758866	17.4233881100891	29.3876146184546
niu2-1	0.0224881822178572	0.346419381498199	2.72314683900942	15.9054367223776	9.46389593879587	18.7559093748746	27.1366329346531
NN14B	0.0248408105125171	0.237634100749108	1.44898156762513	10.4101032003619	14.2767275772316	11.8650258279328	26.4339476510031
NS501	0.0350982400672115	0.418456484907345	1.7836183689938	17.6355521174201	21.1981635815979	19.4434038450496	40.5505635741089
P167	0.016850441080971	0.264958852073188	1.34686724583384	12.6235760469732	11.111172954469	13.9795237723771	24.7241148289393
PHG35	0.0195983982468609	0.296335397193101	1.19696102048418	11.8653375466819	14.8672151663313	13.096764880397	28.0399766893248
PHG47	0.0123804391499354	0.18671730937367	1.13763925139486	8.93980354952602	9.48970178617369	10.0031079963258	19.5057039518972
PHG71	0.0195252794581898	0.277730894574003	1.18284868981712	14.2432935889644	10.9748213697293	15.4532262591339	25.9718486000284
PHJ40	0.0185599656476127	0.278322817823067	1.8425158789716	10.9020073940438	11.3631941723877	12.700855762975	24.2228969332678
PHJ75	0.0129506085019253	0.30968486327028	1.34154004289212	13.4584524077207	13.5410558473285	14.8067430100368	28.3208931124475
PHK05	0.014748185265011	0.229972380046728	2.06832318151368	12.6144788098033	12.5856103189054	14.7476289703057	27.0954984067025
PHK93	0.0176540144891041	0.254226835025007	1.38881266754989	8.90410810083804	10.0479700574309	10.3158813794587	20.3847000737969
PHN29	0.0164141086886271	0.245512282522062	2.07115233122665	11.2599197460693	13.1125653384754	13.4080915488563	26.4868720118171
PHN37	0.0224500310050339	0.278045215001397	1.51613759509426	14.8196895036806	10.52869121726	16.3326581810178	26.2012029695895
PHR30	0.0200127380493305	0.235769757696533	1.566618546586	11.3098252935129	8.07134235766144	12.9083547938651	20.5434170111745
PHR55	0.0163567986157753	0.247244818127668	1.16159022058397	10.1398830750578	11.4859162831328	11.3405285812008	22.7998909589396
PHT22	0.0184772434872373	0.290031039678431	1.37613570374334	11.930952521115	14.9953445751482	13.3243910662831	28.4337716939891
PHT69	0.0168377398561019	0.281782842822003	1.70093714327134	8.87609086030299	12.1289063202189	10.5514683983149	23.1813276015174
PHT77	0.0173338578538463	0.240886294041294	2.11694310596368	9.41359775210305	11.6306248579361	11.7105277059329	23.3858976928401
PHW03	0.0214751138227526	0.296707837137762	2.32192155225693	13.0438976205528	9.20807748329235	15.470054141248	24.1838690863429
PHW17	0.0165784032437953	0.285181244118416	1.24748865841598	9.41595096059987	9.77228317890974	10.6145518577946	20.5411322880975
PHW20	0.019920124455575	0.297146846154304	2.14262452641792	13.5002737999614	16.5894979779581	15.6527014422824	32.2455238578
PHW30	0.0222324811523161	0.277519512821124	1.61579845711683	13.583245619984	11.474173550846	15.2512804256086	26.2721937643736
PHW43	0.0142168589392289	0.246243043418257	2.00776709546011	10.9629129605079	12.6577047993578	13.0200873517058	25.6195480113502
PHWG5	0.0139926244487429	0.202184011304322	2.14856289635043	9.51898765821933	8.82395249281031	11.7200157195788	20.2230399518557
Q1261	0.012008838238019	0.174320127201087	1.28303149612968	8.25761904874189	7.64763618826507	9.50503751866533	17.1926289089148
qi35	0.0135391421588636	0.233638755533819	1.20489330592219	9.80905750224886	9.98075506386317	10.9834202089483	21.1146035504833
R31	0.0216457243296518	0.317608641382438	1.80828249966341	13.4145617094096	14.8759126325701	15.2774640043663	30.0748191802478
RS710	0.0255508442354887	0.317415991667333	2.15887313913345	15.660689500448	17.0383061016298	17.8680533683418	34.7284312825536
S22	0.0252659637255357	0.369208982622289	1.9151954130773	14.297925231881	11.5526760666945	16.2440070267476	27.4142163656878
S311	0.0195252794581898	0.308389153164195	1.12318831548581	12.1782347518145	14.9163252234272	13.3081531596865	28.3598653657738
SC11-1	0.0233030835395302	0.303806723159981	1.34683991195679	15.8470190194942	14.9179283379348	17.2700247105085	31.7777519991656
SC-14	0.0173961922102373	0.270478501787247	1.50061726085779	11.7847467001153	11.5851941117521	13.2989451640178	24.6904460265237
SC24-1	0.0225848655724323	0.352259505386162	1.85988714501481	15.2143512200603	14.0179622211408	17.2117687644126	30.7247197688596
SC30-1	0.0183717900739106	0.298632643463158	2.04859129624854	10.7714062674735	8.64444580387503	12.886946463075	21.156264577859
SC-9	0.0132138040984369	0.250051259350915	1.10205843580952	10.5532227451867	11.6412097449412	11.629437182872	23.4365967151049
Sg1533	0.0141089581546852	0.209242523469943	1.52471598586286	9.80112508092228	11.682066823799	11.2754379946246	23.0100553212405
shen5005	0.0133197857928503	0.261174445566846	1.92843011572086	8.13698775364205	9.4016978104306	10.0334074139734	19.7059090771896
shuang741	0.0171404911446962	0.239866508375091	1.68559727782296	8.6896993983994	10.1633778551085	10.422067687739	20.5984059195426
shuangM9B-1	0.03194460419517	0.397202612293912	1.96024342641617	16.8325507610132	17.5270940163533	18.8151642980655	36.147474940587
SW153	0.0470651619030835	0.518300812989464	2.60435377968097	21.9671455933906	23.5826147159991	24.6181660717596	47.9572224051002
T24	0.0186055980589952	0.306593016482644	1.54231255812182	11.6284590092546	14.5767344886432	13.122209548854	27.8380543828444
Va26	0.0174584585703145	0.316955312799712	1.80531215720608	11.2227511597526	14.2409485734626	13.0284920019844	27.3401990859671
W182bn	0.0148244196575018	0.201342346335275	2.34986348936539	9.81567119169282	10.5695620248382	12.2785698475284	22.7156825100607
W238	0.0155618751750401	0.271930434328497	1.04502026321559	8.54087274319189	14.0650126197536	9.40936214925284	24.1980562465399
W64A	0.0113713135955107	0.201853401022239	1.85666118217767	8.24941855137403	9.6427664902644	10.0714231023666	19.9284333518549
W968	0.018028075203981	0.280199260405557	1.60228961899491	10.6938846439995	9.78025375110559	12.3091867867462	21.8554249699459
W9706	0.0192654037320218	0.299145838236786	1.99599856119847	14.6645804188926	13.4746501695367	16.7704635834531	29.7890231319152
wu109	0.0156661533799331	0.285388171506176	1.37104099567354	11.5079463283007	15.1519079361927	12.8680176526117	28.1386543410025
wu126	0.0195983982468609	0.404329464379048	1.40538795634499	13.4182125151324	15.1822060131457	14.8709076637991	30.0148437024369
XF134	0.0179762923376877	0.290524240598446	1.55698442639334	13.9553843240244	13.5024752493563	15.5215295092622	28.8047598498949
xing230	0.0232938768393161	0.337869798373353	1.29957949213392	10.0182792504285	10.9658066479627	11.3377571135912	22.2878941321673
xingK36	0.0166005279113456	0.263000690644252	1.61304101886897	9.11843883987336	12.1598088947631	10.7431474176007	23.0346637270749
XOP2	0.0161736575989456	0.246785633417548	1.69989979607389	10.1615214514195	6.0350251791197	11.8531719493467	17.2991565993194
xuan6	0.0122230039627837	0.217550628570509	1.45554971935704	7.79725603426338	9.21003641483705	9.21453740998356	18.7398852435739
xun971	0.0212313845271822	0.30921398856058	1.46018579980186	12.2481853584069	12.626372803838	13.7560538265076	26.2620471455031
yan103	0.0126277403935489	0.18947398893876	1.31203151180732	10.2272948560395	7.18800849594154	11.5807909663736	18.4225295793004
yan156	0.0115312599148917	0.229129164930092	1.10774082155744	7.90848101079024	9.11281126207017	8.98144496314811	18.1296638830884
yan172		0.268142928365359	1.3600032501923	13.2157166353565	12.2027102455929	14.5312582090102	26.601360294168
yan38	0.0165926188021042	0.227107903203075	1.28737103755344	9.83860762567883	13.3822383177608	11.0358095036908	24.8739498380721
yi36	0.0116016411716664	0.237529477270717	1.20988691940555	8.63206510244408	9.36965135071841	9.84687392161164	19.2965557978491
yu82	0.0163567986157753	0.329901424005526	1.64625845031819	10.6809777950435	12.3420523301902	12.3805372045185	24.6369228161925
yuanwu05	0.0208170447247126	0.294646991049532	1.72360752925667	13.1738345000754	12.1230082128413	14.9449008784144	26.7724120403079
yue39-4	0.025301663763207	0.352895338831853	1.59302405368746	14.5945912387829	12.390861916781	16.2339111330859	28.2331588419389
yue89E4-2	0.011849823396119	0.217279361354255	1.86440311411161	9.99384190199619	10.2293449682796	11.8180559695093	21.926618894904
yun147	0.0142119808147562	0.208109483508755	1.95304821181582	9.9457158013465	8.51933357352644	11.9495552536983	20.1131613681814
Z31B	0.011969671295509	0.206750463233311	1.27377501791051	9.30293795674745	10.8333590113498	10.6027965882898	21.4312691872636
zaC546	0.0180961381650759	0.236795921922091	1.59559569290535	10.075674415957	8.5901227193798	11.706531385046	20.077388709859
zhangjin6	0.0201346026971156	0.29872291253986	2.20907270868828	14.4631439791313	12.1379798800184	16.8399754860029	28.3739629604716
zhangxi28	0.0179540848584253	0.294334691100535	1.68731591567712	11.9031824990814	15.6440867402159	13.5907666625924	29.455112305934
zhong451	0.0195370173689487	0.312405170030768	1.1578819437887	13.4302219146093	8.46454792795839	14.5311582882864	22.5662987023803
zhonger02	0.0153818814334939	0.234083317400973	1.96912527163147	11.3813700318427	10.5026431671544	13.4065206670578	23.6278897490866
zhonghuang64	0.0165274091226745	0.269116331396107	2.25699168240821	11.26633911678	13.5854979152095	13.5966572404165	27.0944546017951
zhongyin15	0.0196227711764179	0.237818526352162	1.84827728900154	11.9575256207493	10.5680168728965	13.8558596726375	24.1038728177476
ZPON7	0.0181116495438818	0.242508703048733	2.10841238958736	12.1092059775723	13.3502414337415	14.1951958062266	27.4191777603324
