Taxa	ADW	FW	ML	pSL	RL	SL	TL
MP/MM402A	0.027047089781945	0.22643961135667	2.15441212466378	11.9546614304108	13.1833437610821	14.1534129559625	27.4467296536167
MP/H114	0.0217653637466122	0.21859312988929	1.91300812118238	11.0535280088568	13.2511005549845	13.1005371319527	26.4246619612899
MP/HBAI	0.0314742330092847	0.288548563158714	1.87055997249438	13.3935630884575	16.6077873443124	15.2467154801125	32.1662418900915
MP/dan598	0.0279325184274129	0.299524559337694	1.95609812948673	14.3466979924989	14.5119400576976	16.3098279162272	30.6879834984081
MP/BCC03	0.0266676203624587	0.247644357863019	1.85475864566221	12.1876360823045	12.3942019371324	14.0060135846994	26.433689757034
MP/MDF-13D	0.0269416816098655	0.266259438469372	1.93687701008562	11.5997154853113	14.0355803172307	13.5128057223464	27.6709931814087
MP/longkang1	0.0229100188646854	0.295116587545645	1.5793787962411	13.5190948150878	14.3129624283168	15.0144325510237	29.4869332507666
MP/Sg1533	0.0244326722455718	0.263484040660079	1.82493924294922	12.8573421156389	14.1789800952325	14.6285849749854	28.8552551043868
MP/IBB14	0.0269305191008691	0.283190544845688	2.04471313741078	13.1374179973504	9.9566893312933	15.2154321331301	24.5638486288258
MP/A619	0.0255292121039999	0.276551463705951	2.0521822905849	13.640315777487	16.6487293982262	15.7611861336749	32.6470228712556
MP/PHT69	0.0294082328365261	0.322360073352084	1.87078316080038	15.9475199622169	17.8618381153243	17.7902663632543	35.8450178923975
MP/Lp215D	0.0231469874150029	0.249950299480474	1.93769020541194	13.0671508374202	14.0265109112385	15.0023879619379	29.170307827247
MP/M3736	0.0270049265131132	0.283961026662694	2.06590841318545	14.2912908872413	16.8549583960446	16.4058886866549	33.4451698704593
K10/SC30-1	0.0318537024287709	0.40852983349237	2.13441262633886	15.2668338822481	15.1811960431081	17.4563618271799	32.6401475019761
K10/yan156	0.0428688053413526	0.581839573699169	1.93429297461678	18.9142544593971	20.5367650817508	20.8470642734855	41.4279520846144
K10/ji63	0.0349527026879087	0.42438020595212	2.62976173415361	18.9670416268001	18.8007050397256	21.7039879945669	40.4930769746323
K10/84-126-15-1	0.0355640700859699	0.511985436562001	2.23400456215442	19.6122685326011	23.7202849421764	21.9120738561088	45.9339073252154
K10/PHT22	0.0320645187729299	0.388525758790299	1.77785147602078	17.0759310793336	18.7457069277156	18.8012604084383	37.6649607333703
K10/T24	0.0353743353762268	0.469874145681516	1.85256281634643	16.1450038172863	18.4389406664721	18.0106514688786	36.5982849346493
K10/IBB14	0.0455778464335239	0.492039524194996	1.79544447957295	18.306607766918	19.71017129553	20.0583938928407	39.8626989838001
K10/A619	0.0330975188593092	0.452570121508528	1.90198786066343	18.0615904170053	23.0152057916933	19.937918452791	43.3326145250673
K10/PHT69	0.0334348250099637	0.445484097391784	1.82643489108603	18.4009897376521	20.3580430906977	20.1902725372797	40.6330120377313
K10/NS501	0.0404760909048753	0.496785293079348	1.91648416692338	21.1476617293623	20.9272407239269	23.033223935404	43.9550205334128
K10/shuang741	0.0292606613956148	0.453665481036838	2.04563845541367	15.0285875152926	18.499662229432	17.1278705605719	35.8184515762756
K10/PHT77	0.0366673257270795	0.485152772993983	1.93278171249491	17.0536874797839	20.1018476761567	19.0714249749428	39.3681046576611
K10/PHG47	0.0443340300029856	0.56814053584098	1.64979366607164	19.4704805217832	22.4176984814566	21.050035789946	43.703726619634
K10/xuan6	0.0358592129677925	0.488469683629481	1.84646810332547	18.0307624136613	20.8628104951143	19.8730576575563	40.9736308906498
K10/FBHJ	0.045556764799108	0.52269013832354	1.77909073514115	20.8021066692574	19.6789108292418	22.5183149608635	42.0806604018589
78010/LH162	0.0348472945158292	0.439807943277786	1.99192995274678	17.352419097987	22.0166886433013	19.3460347812495	41.6721331656068
78010/han49	0.0384973421521636	0.459713629174673	1.85796650823588	18.6192269450246	18.1291984355088	20.4202085944429	38.6161293216592
F7584/huangchangb	0.0322120902138413	0.356158771163506	1.54328374897207	13.7803834806518	17.6653155216487	15.1364477183049	33.2414293956382
F7584/longkang1	0.0353743353762268	0.446435280973692	1.81141750252412	16.9156158835081	17.1746875103772	18.694350503299	35.9377267954949
F7584/E28	0.0313266615683733	0.335333229562754	1.48597064946812	14.0785253404128	16.1131382181875	15.4647506095037	31.831090627554
F7584/A554	0.0304623145573213	0.394982134989482	1.65209298682238	15.5102353641388	19.7570364785707	17.0934471461024	37.2154794716377
F7584/LH162	0.0387473968827713	0.442985158534557	1.6407990262659	16.9413038923966	19.4551925516596	18.5376479018385	38.2178814673995
18/C521	0.0299563553313396	0.367228287952656	1.55613010057969	13.1998244433252	16.3629548463215	14.6991826200915	31.2398704877462
18/M3	0.0354797435483063	0.464138632607804	1.63214064355971	16.1741090022853	19.0850131450329	17.7542208602013	37.1229374313026
18/MDF-13D	0.0373770906457376	0.460888203776796	1.72973268193798	16.1330310700925	20.3920736381474	17.829920519538	38.5769213470621
18/E8501	0.0284173960189787	0.33904828965795	1.58864244206542	12.4715923080491	15.3942200527893	14.0007269844228	29.6280971839471
18/W968	0.0422258665613953	0.537146164111901	1.84398981919756	19.3594768560351	22.0029488314033	21.1800434143167	43.3959845324535
18/LH162	0.0359013762366243	0.494901664188802	1.73076612235532	16.9034857124545	19.8156358589497	18.5727213435172	38.5986765320267
18/zhangxi28	0.0364284170970219	0.493684957308327	2.04587993268948	17.3552644923842	21.4287451633781	19.4205655160959	41.1639481828651
9702/equn3	0.0291477161291773	0.33239129988044	1.57998133617691	13.5985901098042	16.2180462800714	15.0376730355636	31.5707854830483
9702/longkang1	0.0293211909947332	0.348135196884205	1.82886661767377	14.8853446816372	16.3651694313678	16.6969855931135	33.2300883788877
9702/84-126-15-1	0.0265163031878373	0.281409675440344	2.00932603260025	12.3243342335392	15.2471954253897	13.8204499163662	28.805943715762
9702/Lp215D	0.028354151115731	0.357278827344463	2.12038656402406	15.2803285845147	17.7012717751442	17.4837486714177	35.3495156945747
9702/LH162	0.0281765358766599	0.307871423981974	1.98560043549267	14.0074896114979	14.9528813877123	16.021303216311	30.9497916509833
9702/MO113	0.0279957633306606	0.382265672967269	2.10714846349305	15.6920017518525	14.8312669960062	17.8630185997321	32.5503467486623
9702/PHG47	0.0286914572663854	0.371830948973315	1.5976533417274	15.4456894495749	18.4076938654707	16.8614604891536	35.6737814846788
9702/han49	0.0229235365195893	0.299801298544366	1.86751052738041	12.4156046061262	12.4310608292931	14.2908271046538	26.7912339932973
2005/D1139	0.0318537024287709	0.382785424797808	1.90913176151215	14.9596307583271	19.0650069952883	16.8636393192978	36.3389409900417
2005/fu8701	0.0298931104280919	0.387769949362914	2.00466209507842	16.2747937959865	18.8710733850936	18.272360382643	37.4054715821617
2005/Z31B	0.04163558079775	0.517479174930991	2.14616848210261	20.0589698781967	23.8384069672176	22.246731424157	46.3743050664035
20837/2005	0.0291974164923671	0.386147793688608	1.75007511900271	14.072461243066	15.4485157887685	15.7827947701521	31.4101983229308
20837/fu8701	0.0276373755455903	0.387022046326953	1.85631290267382	13.6542808025694	16.0466410166027	15.4982235462342	31.7313678853704
mei68113/2005	0.0306942125358962	0.342203537245082	2.47870333282821	17.4803668233622	22.5739732011841	20.1444423988651	42.9391630140436
mei68113/20837	0.034678641440502	0.487897660489623	1.7687511957629	16.0292308001734	19.8650742236267	17.7664845464518	37.9593902776608
chong72/20837	0.0332029270313887	0.458918341182354	1.82121702479144	14.1549413498067	18.6528996147953	15.9504420160067	35.0423837958953
chong72/mei68113	0.040982050130857	0.538747848082423	1.77536764640268	18.3185870634222	22.4516241159631	20.1185530141714	42.9469665765576
91huang5/mei68113	0.0395906622594074	0.513881271207101	1.95355197824163	18.7378366392735	22.4909839849215	20.702467982027	43.4755902479541
91huang5/chong72	0.0288811919761286	0.449204117569456	1.77732647452234	16.7894289285763	18.3899022262753	18.5211465523298	37.0612337038396
equn3/chong72	0.0235017228651668	0.368145554183859	1.37279125005927	12.9378784990548	16.5558361613739	14.1275028501433	31.0755932080156
equn3/SC11-1	0.0284173960189787	0.361652805756897	1.64389711458664	15.4237717988982	18.2173686368186	17.0720509635288	35.5681373453874
xingK36/HBAI	0.0269416816098655	0.33484793679566	1.73611864168485	13.8291762049256	17.7630011726254	15.516469591796	33.6443040622589
xingK36/dan598	0.028880583957092	0.376557471666649	1.76541165274706	15.2134164098949	19.6998683008446	16.8825105512768	37.2011630269783
xingK36/yu82	0.0269305191008691	0.329882821555211	1.6811602753244	12.9382638061466	16.7761910130862	14.5718880007597	31.7810575382327
equn4/xingK36	0.0367868048820923	0.516764293839088	1.48268821035301	17.1756101872295	20.4572506139482	18.5553532459322	39.3305124410155
equn4/dan598	0.030736375804728	0.418881989324254	1.7114697059824	16.0219282915556	18.2436180524433	17.5610577134849	36.0248371067571
equn4/yu82	0.0322120902138413	0.432636409541447	1.42773196236078	15.0602696984451	18.7157732007553	16.3414230724198	35.4343074908397
LH93/xingK36	0.027027867536693	0.327539201703887	1.88020488734626	13.2648559850019	19.3033589092664	15.1163713157533	34.9409908489307
LH93/equn4	0.0286914572663854	0.306683537285384	1.61119905421272	13.0470577687894	16.6987933390965	14.5992396614529	31.6451036012467
LH93/yu82	0.0262459876741406	0.327187925399897	1.865456008463	13.7904586452376	17.5726829526836	15.6755176665516	33.4928243788176
C521/xingK36	0.0282065796748196	0.357971893092431	1.5826361021656	12.4531866389761	18.8188303516922	14.0002450396766	33.4063999688931
C521/equn4	0.0307785390735598	0.401263988618794	1.45523162546359	14.8253810014332	21.1985491324504	16.2010988177213	37.9503304829229
W9706/wu109	0.0359013762366243	0.480309574782701	1.50908277489673	19.2660322449368	21.7838005741411	20.6948092710772	42.708960465502
BM/wu109	0.0304623145573213	0.46820840421305	1.92243931238967	15.7759809052385	18.1262461358411	17.6778408599985	36.0308768284816
BM/W9706	0.0333083352034682	0.439005054620448	2.31789927930493	18.1451290969597	19.232920556515	20.5812758174386	39.8408501247119
BM/HHe01	0.040328519463964	0.53313940240769	2.2069064871697	20.9443193217847	24.9983041341182	23.1825703049532	48.4508687108734
huangchangb/wu109	0.0282909062124833	0.333056454970053	2.24601950693983	15.411012493547	16.1715389735673	17.7721593331033	33.9130205148492
huangchangb/BM	0.034678641440502	0.42142700981921	1.68929685994224	16.8851903551846	18.4517208746604	18.53607230757	37.1343928717919
niu2-1/75-364	0.037161681291737	0.464124733447241	2.37460776030765	20.1708800322321	21.7611650035173	22.6797488208478	44.5462952530495
niu2-1/S311	0.0358260204313103	0.465595979751421	2.15691354606974	17.5454188566272	20.0394418006863	19.7149589902891	40.0781049064033
niu2-1/MBUB	0.027468722470263	0.378493434995893	2.49598389220021	16.0712825771715	19.6024051099716	18.765378846522	38.7173021057616
99122/S311	0.0269416816098655	0.401086523515589	1.93243491975142	15.6860447779438	19.7695100846248	17.6657882834978	37.8163614159939
99122/MBUB	0.0325704779989116	0.515509863941556	1.8296952520874	16.788657792588	22.5121839713884	18.6882929704572	41.8057708779204
PHK93/HB8229	0.0334769882787955	0.412644298592655	1.73374560382878	15.0451720277603	16.5210194158165	16.7477555844714	33.5003516848587
PHK93/MDF-13D	0.0284173960189787	0.360570260364758	1.74674417014958	11.7906988681127	14.724166370505	13.4853706907841	28.4944707487031
PHK93/zhong451	0.0325842167160677	0.3832224562478	1.89897672217759	14.2988599298425	16.1117875544545	16.2064136765414	32.4076195643893
SC-14/PHK93	0.0302725798475782	0.386586837995202	1.95888485998129	15.1292617778589	17.3557540592675	17.1027368575413	34.6645317614968
SC-14/MDF-13D	0.0241378242325503	0.298538531821149	2.06562671759139	12.6745665978671	14.8240438463263	14.7794025553376	29.8947238465075
SC-14/zhong451	0.0290498450514558	0.349018853280271	2.12443913161738	15.7991941888384	16.1846660784303	17.9561206658502	34.2281125713485
M3/PHK93	0.0253605590286727	0.303548033678482	1.84175728581002	12.5556474518725	14.9190912299913	14.3891896926512	29.560367378783
M3/SC-14	0.0258875998890703	0.326332699594593	1.93079622280194	13.4658302121326	12.7470145943909	15.4026299567343	28.083787749452
M3/zhong451	0.0385365805386122	0.45746438542552	2.06063710868922	18.7879081978143	21.278936171781	20.892364572058	42.3659701500401
SW153/PHK93	0.0299663214296316	0.390802067862399	1.57793792787872	15.96038502854	21.6152577144968	17.3994047381949	39.5780820898048
SW153/M3	0.034889457784661	0.413699926598367	1.63977327766625	16.6992401917377	20.0007645898053	18.2516752717019	38.6094240795158
ji833/7236	0.0353743353762268	0.452440253034419	2.11466689796231	17.5438478014738	21.9096139545014	19.6772841147802	42.0920362679627
ji833/xun971	0.0473276220900439	0.583873884397487	1.59027955587698	20.2745965872022	22.4737047703671	21.7754475521901	44.4623259723365
ji833/yue39-4	0.0609885211915492	0.791168177964484	1.96568474142314	23.5390002423118	28.4673421390895	25.4993803996381	54.265765919148
qi35/yue39-4	0.0262249060397247	0.360541711018886	1.97453624943092	14.6809345775247	15.8609746882584	16.6755346984621	32.655903591187
GN4095/7236	0.028354151115731	0.412640984961222	1.70978581711993	15.8196977530119	20.0387466473237	17.4618618386614	37.9546129366899
GN4095/qi35	0.025447774499496	0.357852261737702	2.23226935898965	13.5860375887114	15.0286167568722	16.0320011077508	30.9886838309298
chang72/ji833	0.0339618658703612	0.481240419879506	1.68758944341719	19.8332211313671	20.1421762931186	21.4484232604439	41.6641127857211
chang72/qi35	0.0365970701723491	0.500116695082941	1.71732995686025	19.3452782207546	20.7821903201259	20.9917715457917	41.8507735259814
chang72/GN4095	0.0413404379159274	0.466899549034118	1.89861599680446	19.3197215780688	22.0498598635431	21.1694031414298	43.5388803688928
nan21-3/qi35	0.0360911109463675	0.435292440256428	1.79380643205672	19.4284421790338	18.2365452223857	21.1803065949106	39.352241505803
nan21-3/GN4095	0.038367927463285	0.496331593537083	1.89758080850304	20.1849751775006	21.7641347666636	22.0383409262555	43.9190447949166
nan21-3/chang72	0.046442193444576	0.513402537675398	1.7889480677336	22.9544154405449	22.4836365790854	24.6980646134415	47.1542727581039
huobai/chang72	0.0362132010345345	0.479676059378784	1.99803955541212	18.6707042039045	21.8507675603694	20.6853501423978	42.8434204049824
D15/E28	0.0348548401787929	0.39350167328549	1.96438822366199	17.3489072256918	18.7462058781333	19.2329193122806	38.0498402088601
D15/K14	0.0289022736105445	0.350461999377629	1.78730198971536	14.5907894078019	19.4796643404037	16.3975972191986	36.1723681155107
D15/yi36	0.0235686201033209	0.311185837410812	1.86005189979916	13.4870843680018	16.0392058683559	15.3216109035273	31.6358986260183
SC-9/D15	0.035785789559198	0.440799987060127	1.65483928339378	17.586421663245	21.6837258302002	19.1673493528723	41.2626949317521
SC-9/K14	0.0246648650929479	0.291797505129363	1.44507163390888	12.9739390942368	15.7246749934418	14.3326106152603	30.3706108889239
96201/D15	0.0326603431457997	0.450265504908366	1.88064468795355	16.7426683174926	15.6243887546014	18.6068591863354	34.102361975666
96201/SC-9	0.0239480895228072	0.41640351930748	1.49506528398706	13.4146895956123	14.3097527667534	14.8359475102597	29.2970960221249
96201/yi36	0.0342232273987984	0.455387567222515	1.94194444950777	14.9895306600543	15.1059553188031	16.9666109594722	31.8445245823898
jian1495b/shen5005	0.0317293937653947	0.467664174006132	1.90084469560894	15.673808118397	22.2142689912562	17.5760351784438	40.4316422825911
jian1495b/Va26	0.0345099883651747	0.497277350829859	2.10844373249005	19.4216388980307	20.9587306922702	21.5330429637875	42.5970457859831
SC30-1/jian1495b	0.0313019822900582	0.45731276877191	2.1810994023826	17.2375443656449	19.2860297519678	19.4579554447515	38.8731111241062
SC30-1/shen5005	0.0316850493534437	0.452680892230184	2.03953289873892	13.2164409925133	11.6980271616169	15.2518487976602	26.8197821693793
SC30-1/Va26	0.0359013762366243	0.554962311076946	2.05130300138778	18.2971793784602	17.931681048258	20.4235739144626	38.2492637042789
SC30-1/NS501	0.0315796411813642	0.42892949236699	2.03835258174402	15.6086583494068	16.2195446118807	17.7265205434034	33.9536940701016
SC30-1/PHW30	0.0285228041910582	0.378266591109423	1.98092573621969	15.1842934059676	14.6569098245018	17.155983750778	31.7029184133519
030-1/jian1495b	0.0301039267722509	0.416770154944996	1.89355914065422	17.0564601415524	19.4339318846384	18.949831347354	38.5880708588768
030-1/Va26	0.0295768859118534	0.401391340631373	2.19704922893503	15.797689212316	18.0870756748461	18.0199481956613	36.2940879441298
E601/SC30-1	0.0235686201033209	0.347693089367366	1.82153054439437	14.9522632553425	12.9634748835369	16.736474968998	29.4337834755403
E601/030-1	0.0259059124139347	0.274134396883732	1.62773525887952	13.27784699002	15.4999512677834	14.7830523747787	30.3750216936585
SC24-1/SC30-1	0.0290498450514558	0.390995711819366	2.01624313036342	15.5856320333477	13.9532088131592	17.6279721851398	31.4741969003724
SC24-1/030-1	0.0321835184579397	0.469413328848941	1.97820610781823	18.9607331744563	19.6260491900179	20.9510587211524	40.5184179455332
Q1261/E601	0.0241378242325503	0.319702465045362	1.78281580278044	13.1502837746283	15.5450051470975	14.9210821794749	30.7139854161947
Q1261/SC24-1	0.032486151461248	0.351340244989939	1.888749043736	14.5152796751098	15.4856906892224	16.4210276068963	31.9362154205945
M101/E601	0.0410242133996888	0.515338856492014	1.9552978539055	21.8448504171601	23.5278048202871	23.7781870962453	47.4552015214039
M101/SC24-1	0.0336878046229545	0.486164105586484	1.80441431784194	19.277498007903	17.1682640396048	21.0190224277637	37.9399092528539
M101/Q1261	0.0297259024747548	0.478515025700396	2.27862412940492	18.637788535447	16.2337585750886	21.0194248888783	36.8385674441575
hai9-21/huotanghuang	0.0360700293119516	0.51700962099569	1.91543905687035	19.8657029519775	20.8477382701417	21.8237896798037	42.6627959225353
hai9-21/yuanwu05	0.037615805984282	0.546732408857961	2.203818641067	23.4071873306459	22.0826070517936	25.6372055762768	47.5128170912265
hai9-21/ji432	0.0457538327998741	0.646861549246479	1.95756681550316	24.1745997957372	26.4414737121341	26.1081921346268	52.5629531174562
7903E/hai9-21	0.0304623145573213	0.41729023023993	1.93612830467019	15.5289204460553	18.2883073500261	17.4580919687545	35.9559639695054
7903E/ji432	0.0345310699995906	0.472950656941437	2.20846403052172	18.0266393273118	23.5842308453487	20.3120584558378	44.1738771332572
1145/PHT22	0.0290580720445415	0.321378268768279	1.75864044181099	13.0463166831809	16.4432379807658	14.7807214929148	31.4954258612397
1145/S22	0.0350159475911564	0.4528751457907	1.55383062053878	16.3258104684814	17.9245831817871	17.7634587073696	35.8805498807593
1145/Sg1533	0.0288390287072967	0.341935885315987	1.78757744749389	13.7853865722039	14.6723452389308	15.5532494504658	30.2851133520379
7146/S22	0.0415960753483533	0.504635472223567	1.98332738969205	18.7291136427213	22.3118597608118	20.7149864316782	43.3861904245205
7146/Sg1533	0.0357327231612971	0.451819591652814	2.19592742654317	17.344599486356	23.1410050798694	19.6354818129491	43.2205351381494
d140/1145	0.0343202536554316	0.425720799731485	1.67724234781324	15.7337570393991	16.7539235720607	17.3368720502063	34.1011409115321
d140/7146	0.0311580084930461	0.428768290246586	1.94434562744187	17.0139986579527	17.0763103724551	18.9700585259555	36.0663320735092
chengzi2142/1145	0.0252380819837214	0.298527729942842	1.85905334247937	13.4194753975107	15.1978994650571	15.3720244187905	30.5734118917418
chengzi2142/7146	0.0269416816098654	0.356112670608282	2.085601063514	17.3610611440004	19.5813243819895	19.5199235701781	39.2473229457347
chengzi2142/d140	0.0317272126222755	0.370488289907826	2.25616782412882	16.6470595219884	18.0286799723121	19.0313405000455	37.01896829962
1101/7146	0.0371241110327467	0.507726996596719	1.71607971100139	19.8160309613459	24.0585540412285	21.4477372982899	45.8922684062484
1101/d140	0.0394220091840802	0.505756041002856	1.61744629154673	19.9046121390355	19.6276930319136	21.4594337159572	41.1126560157041
1101/chengzi2142	0.03685004978534	0.424089523826831	1.83590722416709	18.7365692017393	19.7826442508855	20.5357364188757	40.3289459649205
1101/PHW30	0.0394220091840802	0.436573876374488	1.49931082166555	19.6752709303829	20.1459098872683	21.1150588416197	41.354326258244
SC11-1/d140	0.0317788069779181	0.392547984075161	1.83161686547671	16.2316618155786	18.436046792898	18.0912662131363	36.6622841840739
SC11-1/chengzi2142	0.0269305191008691	0.340322101713264	1.82536116729971	16.8315335092611	19.4077249371908	18.6087716293386	38.3377880761789
PHW17/chengzi2142	0.0270505675320079	0.329431786329722	2.10473305612316	13.9537038735576	16.9015734853006	16.0956844122498	33.2353898068982
PHW17/1101	0.0325704779989116	0.448596020593134	1.63225235562723	16.5827478863408	18.0736824765729	18.1656835719976	36.3590189984932
PHW17/SC11-1	0.0481287241978482	0.61410745690773	1.9212073660099	21.4427347011661	23.1946682969417	23.3403126325927	46.6535898469289
DF27/T24	0.0268408750162333	0.369762793640785	1.85524933485417	14.2199042384241	17.9548385845699	16.0748746194366	34.3170488154346
DF27/IBB14	0.0413194387432577	0.568619557270327	2.20511385960302	20.3084548636548	22.4243856291876	22.5922250674849	45.0549106126535
4722/7903E	0.0365338252691014	0.44568837328299	2.19474716728445	17.4896769369914	21.1448235102114	19.7070169232035	41.115767477646
4722/1101	0.033793212795034	0.38589516415517	1.75763761248237	18.5162213101753	20.8738891096953	20.2470300696842	41.3655970092885
4722/DF27	0.0410663766685206	0.427607944801059	2.21072980200249	18.5355727914632	19.461415014947	20.7830614264311	40.3355801793195
4722/HB8229	0.0278120552687507	0.371689646715566	1.95189254736526	18.1444802677944	19.3225289010635	20.094022226149	39.5316503672296
4722/Sg1533	0.0327391310742388	0.360159558520862	2.28731412950888	17.3712895812772	19.5089089307979	19.7254849942084	39.3831757585319
4722/IBB14	0.0284173960189787	0.288415868474785	2.24839274631908	13.8977348422185	15.2179585920107	16.2730189423057	31.550302234907
4722/807	0.0306731309014803	0.336949966100248	2.24381164885715	15.1831813538755	15.7817765804456	17.5012750708767	33.3047530493529
MM402A/DF27	0.0374824988178171	0.565560676609864	1.88139696428224	18.152687141325	21.9365525434473	20.0304819654277	42.2613127631023
MM402A/4722	0.0301039267722509	0.435297851127879	1.84356165196945	16.4801636320844	18.6507618030247	18.302184951405	37.147289947548
zhonghuang64/DF27	0.036639233441181	0.491808069513202	2.18806360520284	19.2218733236507	23.4011223508691	21.4420074727658	45.1086487065543
zhonghuang64/4722	0.0358381313333766	0.479026236150468	2.18382112600117	18.4207080744215	21.8420558549043	20.7379383209205	42.7027787499022
zhonghuang64/MM402A	0.0348548401787929	0.386371216175478	2.092380254142	15.3005343635491	17.457230932386	17.4614672549956	35.0095350349623
H114/4722	0.0391289549321581	0.469072736815285	2.13945184334782	19.7442782664601	18.7930474208641	21.9155983794321	40.5044189942351
H114/MM402A	0.0367868048820923	0.523446155710933	2.22960293341629	17.2280446892772	21.0167792560258	19.5251838981163	40.7502697910472
H114/zhonghuang64	0.0297455389871806	0.372300621188631	2.08538638740806	14.4787640089976	19.4743552338246	16.6121766983737	36.5018528072042
XF134/MM402A	0.0332661719346364	0.48011870444963	1.98647687655537	18.7895367780707	19.8594438595252	20.8264393659967	40.804959425158
XF134/zhonghuang64	0.0344889067307588	0.444468992017134	1.65501232418929	17.2851810397723	20.7547601346575	18.9051334910837	39.9295168034706
XF134/H114	0.0283330694813151	0.345983941341225	1.83270234152827	14.9652308526572	16.8335777046436	16.7830921294755	33.7953832755039
XF134/shuang741	0.0296822940839329	0.392248908857223	1.89950994717821	17.1582940273971	19.4033399450543	19.1493343055365	38.6325136836457
zhonger02/zhonghuang64	0.0277217020832539	0.354012933824923	2.08130872870383	14.0327460590556	15.3334267540882	16.0897139356437	31.5223825900462
zhonger02/XF134	0.0298155465593906	0.370420033107735	1.8021573741542	15.2219342233675	18.5217167398254	17.0018364203942	35.9011064736278
D1139/H114	0.0322120902138413	0.395596779280708	2.16923325357165	15.7069411835787	17.3958286256821	18.0363943605178	35.3576720412583
D1139/XF134	0.0395906622594074	0.453260137766965	1.79283207583389	17.4721401850357	20.4374616587716	19.2385992846233	40.0347944187041
D1139/zhonger02	0.03031474311641	0.381578476993055	1.91625785834681	13.7997337238105	16.0388771813624	15.7166815555109	31.9822363391633
fu8701/equn3	0.02377943644748	0.269588668505532	1.94910284293155	12.7508994490469	15.5660497463972	14.7595180447481	30.5660634623501
fu8701/XF134	0.0357327231612971	0.418765106012091	1.81664923020814	16.3802881949272	19.1636784798684	18.1778734114368	37.5892542042878
fu8701/zhonger02	0.0310526003209666	0.435434081803138	2.00750054770693	16.3702942193759	19.1589389130885	18.4156614290514	37.7935923434304
fu8701/D1139	0.0374824988178171	0.507274623966655	2.12051033269469	19.4284421790338	20.612115756513	21.5835909361165	42.2828740990232
fu8701/A619	0.0281644164059878	0.329857389309284	1.98102529306745	13.5579754871533	18.2651934971399	15.5513408263983	34.210615383575
fu8701/FBHJ	0.0260984162332293	0.287543566128591	2.06470236750986	14.8380048233036	15.5612541853033	16.8430361138128	32.6195114634747
Z31B/zhonger02	0.0357327231612971	0.428142092534515	1.72444322397557	17.2664365140005	19.4135065883644	18.9442196081083	38.5781902537873
Z31B/D1139	0.0343202536554316	0.462767158672241	1.83081874084906	17.5626053532082	21.5996023357303	19.3686146173678	41.2963504444889
liao5110/A619	0.0255813405855387	0.308095861431972	1.93882295773934	13.4807635235437	19.1036986079293	15.4342541678934	35.0770880342184
yan103/NS501	0.0232708083433002	0.262214182480207	1.85822008245667	13.1350466428884	14.2642280742454	15.0415427746202	29.3895949750904
yan103/807	0.0288811919761286	0.339851011380416	1.83753205077856	15.4441991000274	17.9088732024939	17.2745817807809	35.4060616440621
yan103/A554	0.0248335181682751	0.285862546869489	1.91192599996683	13.9283505867265	16.0597558653382	15.8691789360247	32.1179406891576
C8605-2/liao5110	0.033793212795034	0.415539103113455	1.95444424503676	18.4270839882223	19.6673030331216	20.3825399054455	40.1663124112538
han21/liao5110	0.0321835184579397	0.412767402678745	1.96150652997903	15.4037239126276	17.5793994064913	17.4238405450792	35.0438984625508
han21/IBB14	0.0251919059533455	0.362532220092989	1.98556118152903	17.2169996479461	18.0434580793836	19.1973268408504	37.3530310186551
PHG71/han21	0.0368078865165082	0.564374381179815	1.73840081961541	20.5422804512607	20.1707889707139	22.2282955764155	42.370276172356
Lo1067/PHG71	0.0416988257009977	0.458328590955807	1.95476503886427	19.8353669654659	22.6738151070301	21.7891160679298	44.7247406078824
Lo1067/PHWG5	0.0385365805386122	0.400132767695675	2.0944670790815	19.8449310938488	21.7436508661208	21.9809441003241	43.8862881832478
M22/PHG71	0.02856496745989	0.371614241104036	1.63503239207831	15.8213173712855	16.9289863592776	17.2566995780252	34.3388282092442
M22/PHWG5	0.0354375802794745	0.462969701169874	1.73907272891025	17.4082893620458	20.4096004299887	19.1228238801018	39.79633416717
yan156/PHWG5	0.0438069891425881	0.560624643658213	1.7455488637216	18.8742360374621	22.6411448288453	20.5458053587451	43.5626137415009
yan156/M22	0.0360911109463675	0.554611221918475	1.76310839708434	17.5478437742568	18.7889950520401	19.2537156665064	38.192840881578
ZPON7/Lo1067	0.0432799482821905	0.509989367420657	2.08703536052296	21.2999393898124	27.9782165850294	23.327922084782	51.7738158541888
HBAI/M22	0.0380095396782147	0.43225769733991	1.67269741291053	16.2129557989315	18.8174625888582	17.8483715554807	36.9456352358972
HBAI/yan156	0.0312634166651256	0.437194478211048	1.68059916767963	16.1279126989407	18.957181576443	17.7749427131817	36.9922251740099
HBAI/ZPON7	0.03685004978534	0.489078677903498	2.04774456911377	19.8080120519581	26.1946272950569	21.8602301218033	48.4723122569848
dan598/yan156	0.0353316648666529	0.412198643707021	2.12189986417587	16.5360821861563	18.9110783732265	18.7006398155274	37.8896746759294
dan598/ZPON7	0.0375261618996462	0.466706156264705	1.99678522850771	20.6816457440805	20.9548003855359	22.6747545411953	43.4040382689237
dan598/HBAI	0.0315796411813642	0.408134738777698	1.82421953423909	15.901569741952	17.5139270486104	17.6875263628912	35.3488142248569
yu82/ZPON7	0.0454935198958603	0.586220824766201	1.87688029964695	22.1309424687476	26.1035463402881	23.9849375246369	50.3418443038527
yu82/HBAI	0.0328445392463184	0.421257503309322	1.59485588088581	15.7250156731124	19.060176304837	17.2621229219318	36.7495344596985
yu82/dan598	0.0395906622594074	0.510568421206793	1.70955110333965	17.9679289867721	21.5621181697623	19.6311105989174	41.50012993529
yu82/PHT69	0.0262459876741406	0.347604207225281	1.57210628158226	13.7301698118834	17.6452668771311	15.2356838464458	33.2304665180696
91huang15/IBB14	0.0334348250099637	0.392521306557324	2.06146036463227	17.5544875031929	21.6391226499286	19.6286902684026	41.5940195372366
91huang15/Lp215D	0.0349105394190769	0.390765914340982	2.3256377907236	19.275208961481	20.9583551084167	21.6779096737607	42.7428099992449
91huang15/1538	0.0385365805386122	0.422497769700797	2.01228234540238	19.5862241722001	26.8892204879398	21.61272284078	49.0463839855114
91huang15/M3736	0.0343202536554316	0.396593337442437	2.17008655848923	18.9299247992444	26.1645557553946	21.1292251733287	47.1535457628293
PHG35/91huang15	0.0322120902138413	0.379177121514179	1.83029163029647	16.3181212129822	17.4885451105825	18.1302691604927	35.7830535365779
PHG35/1538	0.0315163962781165	0.366290334727229	1.6117464292555	15.8367896099718	18.0300892665997	17.3965278339464	35.6672630320656
PHG35/M3736	0.033793212795034	0.382589838164011	1.78321013121557	17.9600150228691	21.9278536877003	19.6623690686198	41.9597016494245
Lx9801/91huang15	0.0244540487487889	0.286999308246663	1.91565857559889	13.4380398231401	15.0181849207887	15.3868225928978	30.5095452134297
Lx9801/PHG35	0.024192253290695	0.243823390578118	1.31408285230797	11.0508937919202	14.3785739803608	12.2731576490221	27.1059877501637
Lx9801/A619	0.0260351713299816	0.3038366628089	1.83179977155711	12.1328031140084	15.8016596037516	14.0988040681897	30.0280374964485
PHW20/91huang15	0.0367657232476764	0.429920529326789	1.95760090957369	18.1967646440487	22.5877797760955	20.1034495649365	42.9523501834423
PHW20/PHG35	0.0329077841495661	0.418174643339563	1.81113820183775	16.7214404954737	23.290405797442	18.4921339695972	42.359264511558
XOP2/PHG35	0.0313246822853731	0.353528449339627	1.79157114775103	15.1715793741032	18.1284009094539	16.9110324913688	35.337755616967
XOP2/Lx9801	0.0318747840631868	0.412221227528792	1.80770872570089	15.0686620585917	18.916323867536	16.8557255743201	36.1143651729711
HHe01/1145	0.0339618658703612	0.405671661888565	1.69940935297588	16.5415871514889	19.6314193738698	18.1836641265665	38.1174632097471
LH82/H114	0.0250021712436024	0.273031773080875	1.88689220921552	12.2178525804635	15.8953691768068	14.1296933914165	30.3659544623822
LH82/zhonger02	0.030525559460569	0.283565012596258	2.18081424130665	13.3711114991984	17.3707916761497	15.6543006461305	33.3853668170936
LH82/zhangjin6	0.0357959680645448	0.415628355055367	2.00525558451519	17.8495056005057	23.5768413265172	19.7593653287007	44.0372618866128
LH82/PHN37	0.0286282123631377	0.3517956530055	1.86236177587248	15.061962164493	18.8685022785989	16.9252192259382	36.0810588223978
W64A/LH82	0.02377943644748	0.270179431515212	1.91435876653324	11.8469634276838	12.936122855146	13.7968214614535	26.7814094210639
wu126/PHK93	0.0304623145573213	0.393310715710564	1.6670197616633	14.9513939098584	19.5680950996361	16.5817986013574	36.5374976230434
wu126/SW153	0.0316850493534437	0.425803273116658	1.58958930648118	17.0084185277665	23.9709303374779	18.5060814792902	43.0609945940877
wu126/LH82	0.0338353760638658	0.458728494757839	1.64357858668708	16.7235370694234	22.7873841969138	18.3053579877011	41.5855291614293
wu126/W64A	0.0423945196367225	0.605021819881953	1.70942131645525	19.5786591600534	23.9640886010761	21.2687716585655	45.5609136329902
wu126/W238	0.0335418793136813	0.476955705727948	1.64513122669419	16.5289120818681	21.6781963403005	18.0470353716485	40.3100240494387
wu126/MBUB	0.0235686201033209	0.342842311378796	1.62716170516774	13.8360598256408	18.1452386466209	15.3397384366361	34.0290515742685
wu126/A554	0.0341335833141626	0.505464931884085	1.78702842176738	18.5281722319521	22.8181703534423	20.2996804513464	43.4531172429371
BCC03/wu126	0.033328173576013	0.425449527757649	1.82731696881679	17.059885825936	23.3168995979142	18.8462648734893	42.9589822195915
BCC03/PHT77	0.0246227018241161	0.289427603323034	2.28134055892272	13.4186732507242	14.9741682613596	15.9334042075739	30.8732519823434
757/BCC03	0.0297455389871806	0.410773299665843	1.96476782575017	15.1317759923351	19.4722281099954	17.102947336838	36.9013294860778
757/5707	0.02377943644748	0.262539000846852	2.05363876729662	12.8095416632075	15.9240891704028	14.8995186862696	31.1137962614501
ji434/wu126	0.0307996207079757	0.352144457653267	2.11081312380195	15.1815048865301	14.7644274759475	17.4415098804179	31.8848236761672
ji434/BCC03	0.0255292121039999	0.313687922201881	1.88883592202029	13.7785553488924	15.8350067230205	15.6787070633269	31.7703078043581
ji434/757	0.0263513958462202	0.321631117809619	2.06256317114263	13.4910121717514	17.898026150374	15.6107741115668	33.8195061943902
ji434/NS501	0.0313649131574855	0.348740703648132	1.83960559218719	16.8237964565311	20.774217929087	18.6274379482538	39.8712753833739
L473/BCC03	0.0357327231612971	0.46545861309111	1.76309246167198	17.0177387782486	18.7390900617382	18.7029539238175	37.5062588565663
L473/757	0.0498574182199523	0.559707333103112	1.89784240428173	17.9268944050814	21.9780312750212	19.7700407063364	41.9647666177814
L473/ji434	0.0311580084930461	0.379964622813691	2.00542010753067	15.1766461322832	14.458433613605	17.2098975252301	31.5642041578901
L473/PHN37	0.0276373755455903	0.356309915884954	2.11664380947446	14.6464815330912	14.2556453680835	16.8255689973212	30.9791758187617
L473/xuan6	0.0289204927366052	0.336066380027717	2.11380991273538	14.5248006635063	14.5203749637695	16.7019223368785	31.0439630163974
W238/757	0.0411717848406001	0.537658303681282	1.57879797862071	16.6360563014889	21.5729110629442	18.1461969873945	40.1487352250431
W238/ji434	0.0332661719346364	0.393633187039063	2.04392574537246	15.6657445905773	17.4360625119962	17.6988328940875	35.2271781279151
W238/L473	0.0357327231612971	0.473850250751781	1.8540630727212	16.838334696174	20.6614085946116	18.6962292668382	39.7555750594657
yue89E4-2/zhonghuang64	0.024643783458532	0.323889967422388	1.82280335216655	13.0926063893928	16.6384399261763	14.9281364752883	31.8990666096005
yue89E4-2/BCC03	0.026161661136477	0.336611464404264	1.69636742657515	13.6308907032548	14.4318004557971	15.2441983113662	29.5520644383071
yue89E4-2/ji434	0.0353743353762268	0.425974679926931	2.02845552482422	18.5804730598713	20.5821880908304	20.6347077586659	41.3893710612009
yue89E4-2/W238	0.0270892530507768	0.373219936505156	2.08170205710536	13.9207693093712	16.744489873707	16.1290194044498	33.0487654309506
yue89E4-2/2MA22	0.0295656231715036	0.394015889960382	1.80277282433521	15.1630611655251	17.3794080264085	16.9417849705904	34.4706936073027
yue89E4-2/468-3	0.0387473968827713	0.519712385329742	1.56897036801289	18.6200616074565	21.7960668242033	20.125792623865	42.2014216544184
6/L473	0.0438702340458358	0.561368975626583	1.74249573996002	19.7915208015222	23.7055411452736	21.483980315718	45.4914735978918
6/W238	0.0345943149028383	0.426420476951541	1.7225222112132	15.7106620766628	17.4358610616311	17.3887921963859	34.9995089849036
6/yue89E4-2	0.0432799482821905	0.584633416984905	1.60180611275612	21.225204475844	24.1995800504621	22.7544064923781	47.1960979052892
9058/W238	0.0306341518598449	0.38274061348316	2.04132626676483	13.5244012094685	16.899325687911	15.6143477710381	32.736514345412
9058/yue89E4-2	0.0511855611881542	0.637852595553826	2.05983995260672	22.257676137994	26.8474984824433	24.3311820447441	51.409318463927
9058/6	0.0372716824736581	0.452195709521091	1.83171937153366	17.6728909479025	21.0733103808268	19.4943936620034	40.8163579316555
chang69/yue89E4-2	0.0218399260812169	0.296555848110481	2.38743352486409	13.45550714866	17.9563091402827	15.9731660050417	34.3006184219381
chang69/6	0.0364916620002696	0.492843884796757	1.96117795450607	19.7390749941308	22.8222745564539	21.6939592306713	44.7360366714948
chang69/9058	0.0292606613956148	0.387614732027696	2.43753457174677	16.13367413521	19.92258138435	18.7294101557976	38.7981053235952
75-364/6	0.0427529074217929	0.520223028230941	1.79755846275592	20.4924449083515	23.0308437688104	22.2833202305027	45.4556003403179
75-364/9058	0.0424146806488075	0.485471981153246	1.99577136110164	20.8591379794552	22.5181008624835	22.7420742087494	46.245938582598
75-364/chang69	0.037946294774967	0.444781526403344	2.28365541846772	19.0807338728956	21.3669724414144	21.4458075949145	42.9108958109621
S311/9058	0.0390636213990098	0.485936344124798	1.84001525050355	17.6101829391242	21.3992703459234	19.4230432443381	41.1302038661715
S311/chang69	0.0376933151619761	0.49173276962849	1.83745579198012	19.3946374869331	24.3525384323767	21.2041181814846	45.918727337641
S311/75-364	0.0393166010120007	0.532376876975973	1.72181858498508	19.6936862969485	24.9231240403815	21.3254488053103	46.6638012343858
MBUB/chang69	0.0315163962781165	0.424291714359465	2.08135547932408	15.7448624386791	22.4111645345589	17.8508519183502	40.7809125518052
MBUB/75-364	0.0371662743015785	0.497933711315639	1.77492446229442	20.1095241061702	23.3577022670521	21.8478013295944	45.4594379616641
MBUB/S311	0.0262459876741406	0.4112421103841	1.66916127705234	14.8015466064662	21.8068068638724	16.4122569891922	38.8680973896483
LH127/PHJ40	0.0322964167515049	0.384580593907477	1.99547118894934	15.3476162778414	16.0922400835583	17.3719000276493	33.6049492445654
LH127/W182bn	0.0388618227600728	0.468568735469015	2.02616521586859	18.8762153318151	21.4363798714692	20.9329236298802	42.5488881118261
shuangM9B-1/LH127	0.0409188052276093	0.507173540295556	1.80023697459371	20.5876689025394	23.6554550161872	22.3545247686848	46.2589271195363
shuangM9B-1/PHJ40	0.0459151525841784	0.543531989642135	2.01355494738102	21.609005102262	23.4928213404354	23.6206448321263	47.2281507494705
shuangM9B-1/W182bn	0.0385365805386122	0.475251569810636	1.99107856595662	20.1079630346584	24.4418299682635	22.1129062009526	46.8326803293745
DF32/LH127	0.0301039267722509	0.364803528799391	1.77814359212615	15.5146128096672	16.1519487830172	17.2632841920667	33.3915094117291
DF32/shuangM9B-1	0.0315163962781165	0.435211695465167	2.216986923245	16.7586827358675	18.9013455952506	19.0287425871444	38.0238277353996
DF32/W182bn	0.0329077841495661	0.405550532729447	2.04748889205828	18.3510102640281	17.357047024266	20.4479413731063	37.7547641050968
PHN29/LH127	0.0385365805386122	0.45107319436797	1.99119066435476	20.9937576081931	24.1756183244319	22.9856911356765	47.3994232849336
PHN29/shuangM9B-1	0.0497941733167046	0.574834813126606	2.147144572586	22.9193456617393	28.3904227654421	25.0442122305552	53.7533471987748
PHN29/DF32	0.0378408866028874	0.466426767890068	1.80995591647543	20.4960789117391	21.8517733978835	22.2688217463369	44.2402928218039
liao7794/shuangM9B-1	0.0404606025706911	0.553260872704228	2.27993362961279	20.3399372754742	23.4157767303059	22.7213423062838	46.3448524894746
liao7794/PHN29	0.0341335833141626	0.516765059280223	1.91678927994382	17.9093816871894	18.5070698777896	19.8632758439316	38.314716838039
xing230/DF32	0.0399490500444778	0.530619104418234	1.83327106957173	17.4847943671686	17.4783120650706	19.2935266677406	36.7913855055292
xing230/PHN29	0.0499206631232	0.665651732087924	1.75978251672368	22.4785686021291	26.9674931597799	24.1930338830889	51.4465415456553
xing230/liao7794	0.0301039267722509	0.445017129427298	2.04462906159669	14.6929272408093	16.8770837081344	16.7101028768733	33.7775375621299
fu8527/PHN29	0.0373349273769058	0.440686688230649	2.28329149797243	20.3883931890413	24.4271378011918	22.7295414553604	47.4242474576465
fu8527/liao7794	0.0353743353762268	0.348124544897937	2.21031805927216	14.8460215161002	18.1030927586615	17.1103964466789	35.4789265425409
fu8527/xing230	0.0252551508565932	0.306221938896825	2.35653821611092	13.5682332175167	14.9584268067839	16.013991611546	31.1250179222276
liao2204/xing230	0.0248335181682751	0.302828292350681	2.15861319600687	11.6387549593161	15.0224612617756	13.8633299835644	29.1625334914593
liao2204/fu8527	0.0327391310742388	0.410085365665373	2.31013181487173	16.6241718418824	19.1046374655695	19.052581764001	38.3087247693077
8982/xing230	0.0318537024287709	0.397352064924168	1.9789420647876	14.5409529272807	17.2911189988316	16.4971188997986	34.0018286442186
8982/liao2204	0.0283902416143282	0.340964476086216	2.28799038041226	12.360339092121	16.2919348862725	14.7743406059252	31.3376941576488
fangyin/SC30-1	0.0339618658703612	0.433697572496543	1.94597450534379	17.6806799177092	18.8369693504073	19.6277547782189	38.5799234589295
fangyin/M101	0.0353743353762268	0.456436030088005	1.63205868193297	19.1096517614489	19.8288485839005	20.5652820073053	40.6189373956788
fangyin/fu8527	0.0399490500444778	0.480278761302102	1.6809426942419	19.0962732418064	19.4815460663349	20.7148017153297	40.3018735976348
fangyin/liao2204	0.0297455389871806	0.381158126813634	1.90626482914259	14.5420619875068	16.4168350148098	16.4673645429461	33.064053012183
fangyin/8982	0.0354164986450586	0.464333312630666	1.61697069735673	17.7413550089213	18.3419201813466	19.2829490012641	37.7276668309725
fangyin/Lp215D	0.0395906622594074	0.541420018803557	1.93282936849841	21.9874435540759	21.8912691210431	23.9003307685757	45.7886039484398
fangyin/xuan6	0.0277849469865016	0.291669614909458	1.65827936184065	12.322988074702	15.5108897615012	13.9290291453401	29.7634236935717
HB8229/liao2204	0.0332661719346364	0.400132767695675	2.06617641297124	15.7067048008316	17.0238884974405	17.8279319897373	34.9390018292462
HB8229/8982	0.032928865783982	0.430046593608112	2.30186747293492	17.9930374026279	20.9699169959265	20.4080976865896	41.5452609117513
HB8229/shuang741	0.0272157428572722	0.328694945192329	1.75589870345115	13.0989660662345	17.7087325044835	14.8052559379568	32.9296001698133
MDF-13D/8982	0.0265200489215474	0.299389403692605	1.94143835893832	13.4579457728105	15.2103130008098	15.487196490855	30.7926000402387
MDF-13D/HB8229	0.0278519640482639	0.349459855466123	1.91273596023724	13.5721049760581	16.2511703875535	15.4763316114532	31.9199066454484
zhong451/fangyin	0.0314717660263196	0.377444876848835	1.78238883733991	17.0065141728124	17.1955461188287	18.6507319498563	35.7859202739968
zhong451/HB8229	0.0328875665383718	0.339876699277607	1.92864809666599	14.3019165116064	16.0030171807819	16.2464299127742	32.4000422418171
zhong451/MDF-13D	0.0454935198958603	0.334837572903336	1.84899751239844	14.2145574244846	15.3976609864448	16.0565729466992	31.4181535490543
zhong451/yun147	0.0302514982131623	0.311892231313638	2.03307405698992	13.2479726363016	14.5320420032679	15.3863385592856	29.9015037249187
PHW03/E8501	0.0260351713299816	0.293540945812485	2.22662997522267	14.3217892637547	14.5898468692797	16.7985834441531	31.2555195088115
PHW03/Co109	0.0368078865165082	0.426446225457522	2.17375663271331	19.1662701994929	26.6244259611871	21.3858577756215	48.4918599692408
zhongyin15/E8501	0.0314953146437006	0.349400547296292	1.59443426736338	17.6307404245313	22.5712782099616	19.1774239043306	42.1819367629339
zhongyin15/PHW03	0.0441442952932425	0.449715985952814	2.02045655561595	19.5859621336202	24.2533743943279	21.60630424195	46.2725257286855
zhongyin15/yan38	0.0353743353762268	0.385637305224833	1.74120263813361	17.574297472879	23.5883074401298	19.2014183170653	43.2564948009911
zhongyin15/A619	0.02202966079096	0.214197423667178	2.30229811873607	12.4163799290849	14.1851461858144	14.8417187730992	29.1730447868081
zhongyin15/PHT69	0.0290498450514558	0.304925722633153	1.98130441464045	15.9493785649282	17.9108237076623	17.9549354181956	36.0256231693963
L061M/PHW03	0.0332661719346364	0.350692534921591	2.08722057739857	14.0803353345171	16.9418219054444	16.1481634551686	33.3812578138584
L061M/zhongyin15	0.0329499474183979	0.356570406792923	1.59340966261622	15.7151689791785	18.8137358249261	17.2470771478934	36.2751124646478
897/LH82	0.0309471921488871	0.398886832031158	1.37399551737003	14.176311046423	20.169870584801	15.3936609403048	36.0833917726165
897/yan38	0.0276373755455903	0.372538741637257	1.41149335684208	13.6814592929965	21.4819400443935	14.9851726725567	37.1621451054933
897/zhongyin15	0.0435329278951813	0.523608105883445	1.67197301244215	18.8170846467576	25.2566407101802	20.4313738501145	46.2805075598973
897/L061M	0.0350159475911564	0.487374168187478	1.47710127906563	16.193457657504	22.3111845871721	17.5474886320405	40.4030555865463
Ay420/zhongyin15	0.0357327231612971	0.445778388342518	1.98486575388039	17.9221935006248	21.4423498164014	19.9353775047314	41.5875068413993
Ay420/L061M	0.0332661719346364	0.43003517385779	1.823729406604	13.2646082706314	17.6326600999333	15.0572650660337	33.0681185368762
B98/L061M	0.0297455389871806	0.3820683752343	1.57371948148049	17.2270470504737	20.4131243940957	18.6960646358703	39.4537443077524
B98/897	0.0339618658703612	0.395108154055411	1.8907156223211	17.9520744107919	20.3415479449968	19.8589397335279	40.3433824940107
B98/Ay420	0.0244751303832048	0.333830899151304	1.94516408086421	12.7201396738107	16.0315428106469	14.7924064579024	31.0677984470509
B98/xuan6	0.0253605590286727	0.281764428456424	2.01075859780099	12.6072661715006	14.4631296110276	14.6666670636413	29.2688516722821
PHR55/897	0.0356483966236335	0.45780931821705	1.5123802591398	18.0693970247374	20.4798933798121	19.4905758780262	40.1751345400778
PHR55/Ay420	0.0316850493534437	0.406865191010196	1.81397254040091	16.8043734217624	21.1483083921151	18.5967560037107	40.1145323476196
PHR55/B98	0.0368078865165082	0.460785842656858	1.74204816668023	19.5758722121385	23.35210651192	21.2799039108099	44.9383889377141
xun971/Ay420	0.0276584571800062	0.355004619964253	1.63393005514878	13.6469946280127	13.4050002283606	15.2254271737006	28.6774910654446
xun971/B98	0.050131479467359	0.476132152855048	1.73947724849039	19.0801497289421	20.2287468440069	20.7830394501266	41.1371993108166
xun971/PHR55	0.036639233441181	0.462009523952496	1.74543717973086	19.0301200161896	20.7984811954644	20.6918758180404	41.7084642963607
xun971/LH162	0.0251919059533455	0.278126054563037	1.71692913288461	12.381777736859	11.8316958578083	14.0570602212522	25.9225756506057
xun971/xuan6	0.026604375459211	0.337984899199023	1.46316284523846	12.5723264460288	14.3336866074749	13.9422652216166	28.4692804194643
yue39-4/B98	0.0320223555040981	0.369666975855693	1.55478655551742	16.9269334626643	19.4007609791766	18.4552911893935	38.0742288456767
yue39-4/PHR55	0.0365970701723491	0.463180918938559	1.5610074736397	18.259616185465	20.7009772504792	19.7442372771459	40.6272844691319
yue39-4/xun971	0.0375879069898966	0.480828671733433	1.63431768218948	19.8309556247905	20.7958576576769	21.4394859450118	42.3482667231567
2MA22/LH162	0.0255292121039999	0.288559527308659	1.96063395578675	12.0185392075314	12.7617688221969	14.006993632185	26.8655408061956
2MA22/zhangxi28	0.0277217020832539	0.345753053117854	2.12878847880888	12.7098624096479	12.3185055989773	14.9388119481925	27.2580077539097
ji63/2MA22	0.0250443345124342	0.342702216089231	2.43434668007609	15.6390356259322	15.2306265986192	18.1625909090641	33.3495004070571
ji63/LH162	0.0344889067307588	0.390539904694595	2.55461273941659	18.8541407626192	20.922497616983	21.6056074564755	42.6357368860432
ji63/zhangxi28	0.0286306605692049	0.331435664714571	2.69838149232199	17.031866499502	20.8372074377864	19.9804438762611	40.9835206302907
zhangjin6/2MA22	0.0322120902138413	0.403779011700494	1.80398567768224	15.9174659395434	14.8612333660582	17.7092688229272	32.4140668267586
zhangjin6/ji63	0.0385365805386122	0.463961449339558	2.57870957952785	20.5500621133474	23.4271738646565	23.1961829550486	46.7915695678486
zhangjin6/zhangxi28	0.0325704779989116	0.444980177099411	2.28083549594475	20.5406670163873	21.1302251450449	22.9784088428962	44.0186563083188
longkang1/PHR55	0.0373138457424899	0.446974981357407	1.49462987795946	16.9268363231302	21.046624130877	18.337246703297	39.7493025366157
N68a/7903E	0.0306309676326485	0.361110445658877	2.41475208271079	14.4553827971717	17.5010124732274	17.0132467782356	34.6764387833917
N68a/zhangjin6	0.039674988797071	0.481346962084865	2.58732096933557	20.8879676629434	24.5342860777721	23.5620893860479	48.3131814653025
N68a/9710	0.0311580084930461	0.383811559970671	2.06617641297124	16.7540336774594	22.0392959361948	18.8693601030954	41.3778112597099
N68a/longkang1	0.0259820388436666	0.319831892966887	2.13721086721201	15.3536093140559	17.5371168130725	17.5755596059096	35.3083202197217
N68a/Lp215D	0.0327391310742388	0.396542905618662	2.20630865135762	17.9758284309006	21.9812437758732	20.2662556915994	42.5375627299091
N68a/han49	0.0301039267722509	0.330382327136841	2.25489215665412	15.0820365674576	17.4444639830977	17.4007841475582	35.044611840591
ji846/9710	0.0351179591289847	0.422624221198148	2.08406189693549	16.9691233615523	21.0209048883893	19.0881398904178	40.4896989488511
ji846/longkang1	0.0339618658703612	0.443490362750618	1.86417774725334	16.0122778657652	18.2199385201823	17.9030579684194	36.3535352497804
ji846/N68a	0.028354151115731	0.349533006859969	2.13167860174803	15.3632833082802	18.6203261252403	17.5570201150688	36.5219543543924
zaC546/N68a	0.034678641440502	0.374830306799509	2.00999467168105	16.8140551778236	16.9354182029014	18.8598909123672	35.7872133720493
zaC546/ji846	0.0283330694813151	0.366078802073519	2.21782638820387	14.4310657563926	14.296752859633	16.7270178058501	31.0172703132575
luosu3/N68a	0.0263513958462202	0.291738377562566	2.27378854946189	15.3092525279725	17.2700840398547	17.7057657038643	35.0899176549353
luosu3/ji846	0.0279957633306606	0.34005137351403	2.14122184143456	15.7715001859134	19.6122210850838	17.9410655642177	37.9069702789623
luosu3/zaC546	0.0280590082339083	0.343133081206759	1.96705273855418	16.1455344416792	18.1546202493974	18.128020455412	36.5148440276911
PHW43/zaC546	0.0232102323182506	0.293846872354432	1.90273794360194	13.2430352773472	13.7781208245689	15.1689090224641	29.0139383621773
KP3130/zaC546	0.0287125389008013	0.36641665869006	1.94909749756126	15.9895101289577	16.6580919258378	17.9472974126788	34.6643433963528
KP3130/luosu3	0.0367868048820923	0.451663901207681	1.92189361317899	19.3341119255112	27.1674281717064	21.2515276303416	48.9963991518975
KP3130/changK	0.0273000693949358	0.302555570432969	1.76627263360162	13.4355169179478	19.59569054618	15.1792640301739	35.3153598787209
KP3130/Sg1533	0.026604375459211	0.298748837769388	1.76929477209161	13.3540464828345	18.2079532298776	15.1000439201713	33.7208405908917
3335/huangchangb	0.026161661136477	0.313765484743224	1.8661665639276	13.838788398014	16.5630902933997	15.695830536418	32.4973739019704
3335/PHW43	0.030870557592828	0.332728976201309	1.97725358099674	13.7912699112373	15.427223458453	15.7990090993285	31.3737595584226
3335/T24	0.0278271102553334	0.328123250259891	1.6701737140626	14.3927106575059	17.6824926233454	16.0540089046327	34.0023616990877
E28/KP3130	0.0337510495262022	0.44825993472759	1.68061628968835	17.4421199555683	19.886411104521	19.0789287749779	39.1759618297962
E28/3335	0.0294082328365261	0.360431255171112	2.01890186251132	15.582886204536	15.867533788559	17.6210761930661	33.5360125153341
K14/KP3130	0.0313266615683733	0.360190364920183	2.05945745167905	15.8430506866281	19.7294355103239	17.9245874706861	37.9969375736881
K14/3335	0.0290498450514558	0.318241127530671	1.81475206371507	13.5122619794798	15.0848687473616	15.3780673244232	30.5907550880363
K14/E28	0.0229361710708438	0.246988985514736	1.97379290594737	12.8274150329133	14.3366787712981	14.8466952277831	29.1802655384689
yi36/huangchangb	0.0255292121039999	0.298024292965322	1.7931254291142	12.3457008639555	14.2244196101948	14.048550705061	28.563456656219
yi36/3335	0.0325704779989116	0.411298379019686	1.82856216616715	16.4903294891706	19.8300048422004	18.2972525811836	38.4226322423622
yi36/E28	0.0328445392463184	0.412370764067783	1.81544565925131	17.0977321412745	18.003594713541	18.9353259352415	37.1307155831142
150-4/W9706	0.0325493963644957	0.364588128893817	2.24463233312117	16.4003663917025	18.5667515984173	18.7107175423917	37.444275546406
150-4/M101	0.0332661719346364	0.40224720824341	1.91453661978346	17.4985338094964	15.9889051568716	19.399896656197	35.2647026765936
150-4/HBAI	0.0315163962781165	0.386880780695522	1.97659879775488	15.6096314539166	17.890883993816	17.5929131057571	35.6854386373045
150-4/8982	0.03031474311641	0.387332904771709	1.8728296136291	14.2407536935058	17.3142733370066	16.1217330043686	33.747657613669
150-4/78551S	0.0360700293119516	0.41853984881873	2.18043972034846	17.415118344317	17.859849438208	19.7280699346183	37.5721802381418
150-4/PHR30	0.0290807720398564	0.318675695595031	1.95090570107587	13.8842273413555	12.4979104871059	15.8567837924767	28.2007256868555
DH65232-DH9/150-4	0.0297455389871806	0.38822716629205	1.72429496383588	14.387984925163	15.7513329712987	16.0748984456024	31.9862697997254
DH65232-DH9/78551S	0.027103993966425	0.261549092339352	2.04171862043426	13.1351480301987	12.8072040900978	15.2358055932462	28.0409760836361
DH65232-DH9/PHR30	0.0286914572663854	0.326230945759466	1.67509188733202	15.2411871176437	17.3268847634657	16.8530624602099	34.3573911436174
P167/150-4	0.0287108002208305	0.314869365364399	1.82410362067255	14.9778843309177	16.2084825119944	16.744953521769	32.8431007986322
P167/PHR30	0.0297455389871806	0.369691683605763	1.68266342684922	16.332668126951	15.6158249540532	17.9193056122703	33.524171425735
LH215/2005	0.0408133970555298	0.501145402689875	2.04444379579825	20.0280399285936	23.9310541361238	22.1040537302614	46.2798225932751
LH215/150-4	0.0305888043638167	0.377715893144571	1.81139917114956	14.3285852714567	15.5300550035874	16.0738771371394	31.7678546227971
LH215/P167	0.0276584571800062	0.361945191805899	1.90277145891964	14.965746747994	18.1522808512232	16.8540811827569	35.2823864148232
LH215/yun147	0.0290807720398564	0.331451405237102	2.16168874044283	14.1398602741808	17.5866528924588	16.388310969441	34.2780674343522
785/P167	0.0304623145573213	0.433985451189028	1.98354481537732	17.6997568051102	20.7010568444966	19.7107291097856	40.6851390759646
84-126-15-1/equn3	0.0301039267722509	0.398788361974035	1.74443597043983	15.103550715682	17.4154762648127	16.7642424877962	34.4662417379983
84-126-15-1/M101	0.02464637798324	0.353170111628624	2.10899298060109	14.7673229274792	14.7136728628685	16.9429480236646	31.6114787084097
84-126-15-1/7903E	0.0271524979540245	0.306003463939197	1.87942893353627	12.8287264338638	15.5450763729458	14.7574961680239	30.5886562621974
84-126-15-1/dan598	0.0269416816098655	0.309444460313333	2.05320397885242	15.2826194437636	16.9068341694233	17.3536964713156	34.4447936675149
84-126-15-1/P167	0.0304431461174915	0.404698512046814	1.94051615519335	15.847704873446	17.7297591992732	17.7947401475111	35.6867259384862
84-126-15-1/LH215	0.0315163962781165	0.369989972380674	1.84574178180483	15.4989117576371	15.6766136999987	17.310366760684	32.9860157467956
84-126-15-1/785	0.0428161523250406	0.551854745062397	2.0435477151703	20.3736137732134	22.3582296595622	22.3952343411068	44.8912268445742
84-126-15-1/B7	0.0335191793183663	0.437298375794117	1.8749511871716	18.4591298452701	20.2185308978265	20.2306230800828	40.5846634893422
R31/785	0.0369976212262513	0.470974352710991	2.26140148049452	19.0472017470281	22.3312955765475	21.3293300224261	43.8553824017672
R31/84-126-15-1	0.0317272126222755	0.404870241567892	2.07019296041712	16.8391391259602	20.108707277711	18.9269479626075	39.2345119915078
R31/shen5005	0.0304623145573213	0.426986803674479	1.66103952775491	17.0417641289103	19.7861481554165	18.6396152453137	38.6896979544863
W968/785	0.0357327231612971	0.465176942854006	1.81856185182741	18.2484786078029	22.7437967088136	20.0255111697768	43.1733232881883
W968/84-126-15-1	0.0360700293119516	0.422945028748656	2.00541954094583	17.6426925833763	18.7314104428309	19.5864795351288	38.3078919286
W968/R31	0.0380029865875061	0.493101045829775	1.69353548763695	17.6376156742276	24.1389866630222	19.1377454038802	44.162992419343
LH60/84-126-15-1	0.0297218892528612	0.347516403621798	1.78913197072873	13.2648228067914	17.9558869329795	14.9790471195731	33.4581024803163
LH60/R31	0.0276373755455903	0.334462732589169	1.7456322775563	14.3351600956091	17.5195098873969	16.0368296526581	33.8007670227451
shen5005/R31	0.0297218892528612	0.37333851377906	2.11530644970244	14.8132846768999	20.4006609051756	17.0099184016143	38.1149583917618
Va26/W968	0.0286914572663854	0.397794248916525	1.96378342549996	16.2660689287408	18.5079995514221	18.2024672020228	36.9521531123663
Va26/shen5005	0.0316492541137691	0.423256478105282	2.01303262096896	14.9451274400169	19.9430492245894	17.0682330566786	37.523278109244
fu96/SW153	0.0256978651793272	0.318996414204202	1.9478893697914	14.0465271556986	16.6475398339739	16.0279805806143	32.9139943115281
fu96/7236	0.0281433347715719	0.316507324827283	1.70485294431899	13.9307348920359	19.3175143625118	15.5760482183139	35.3825265893615
fu96/ji833	0.0262459876741406	0.318627408147128	2.01250506700158	13.3878730006417	16.2008731836025	15.4389467377078	31.9111730071526
fu96/SC30-1	0.0321488453105936	0.392911692708024	1.89675335663631	16.5996014232189	13.7004912480288	18.4495413214703	31.7597926322751
fu96/BCC03	0.0353743353762268	0.424155826050698	1.85558297885376	18.067307423624	17.0408547688	19.907044169299	36.8891483674575
fu96/757	0.038367927463285	0.44681006877104	1.8585833109804	16.9104099766522	22.2318992412826	18.7513754621488	41.4354306075838
fu96/6	0.0416988257009977	0.515751079412538	1.78226332261022	20.334693254406	23.0903057444493	22.084180616306	45.4259494639802
fu96/liao2204	0.034678641440502	0.40153824361043	1.91415725760583	17.3424316462524	20.4725550278406	19.2552057552924	39.9695126127218
fu96/E8501	0.0304623145573213	0.41555032368114	1.4749026949357	17.1580650148274	17.9806747991675	18.5415706014398	36.6537436005556
fu96/J8606	0.0462735403692487	0.515181836689856	1.71419832096632	21.524458485541	21.2321148967098	23.1695237005361	44.4624626536998
fu96/PHW30	0.0316492541137691	0.357649735514612	1.95174387440125	16.269454931658	19.0168556987132	18.2776997472299	37.205057669198
fu96/L139	0.0359013762366243	0.41295075912335	1.63817759036271	18.9197388287529	20.266427396456	20.4906396327794	40.9135210468748
fu96/PHG47	0.0362597640216947	0.43988302393495	1.59729696362509	18.0113063293105	19.5990330559098	19.5260921690179	39.3191864760304
Ms71/fu96	0.0416988257009977	0.498459516124772	1.66826092521562	17.68278920221	21.4627280186092	19.2903821580592	41.1525368553712
Ms71/L139	0.0295121967370865	0.331435664714571	1.82011882829301	14.0339893781876	19.5039944828785	15.8437758468434	35.8157130218751
Ms71/PHG47	0.0334769882787955	0.512928687736868	1.72793474469969	19.5918285254987	21.869457496423	21.1537106279904	43.1213792338099
468-3/C521	0.0264361635362117	0.284181279561439	1.6698616485866	11.9553606664013	16.431827586447	13.5689059438044	30.4848966497751
468-3/M3	0.0292450645650012	0.345983985141196	1.69438552357965	14.0437572059573	18.0284292871941	15.6445691311346	34.0260984193144
468-3/MDF-13D	0.0286914572663854	0.340222665961679	1.7068231403574	11.9085323785988	16.1520330519249	13.5806174559782	30.1495578377756
468-3/R31	0.0273751393604039	0.321862082315423	1.94433116631572	13.6348518039863	18.4066768428256	15.6458031030764	34.4867344970018
468-3/fu96	0.0311580084930461	0.372019550828726	1.68325795373076	15.6326387337328	18.967737695541	17.2936178050254	36.5197651258637
468-3/Ms71	0.0311580084930461	0.421722279439792	1.74882642920015	15.3362585108536	23.1664956291864	17.0280476300872	41.2477095743892
468-3/PHJ40	0.0273000693949358	0.353941253772143	2.07828984967054	15.2775274781053	17.7716635133865	17.3556323288662	35.3368208924362
468-3/zhangxi28	0.0336245597197068	0.407947038895342	2.08198069303565	15.0113300987958	20.4347944918328	17.1375572970962	37.9904764019855
468-3/MO113	0.0301039267722509	0.322287979571592	1.82667433449098	13.5408702279707	14.3088665305653	15.3727088545791	29.7750282137669
468-3/PHG47	0.026974441102276	0.323110053189815	1.71972375620512	12.0497718787001	16.6167854341437	13.6209560315304	30.5965857224703
DM101B/fu96	0.0448610708633832	0.47309791532737	1.81090369964063	20.2154489878367	22.9225593294959	21.9534828998657	44.9876522574595
DM101B/Ms71	0.0379041315061351	0.44050175677604	1.99022571183046	18.6788155776193	25.1277479012479	20.6696808214425	46.1251613027422
DM101B/468-3	0.0290498450514558	0.357773165491569	2.25953326913638	14.3018232627036	17.3959587256945	16.6497931447681	34.2866588245111
DM101B/PHJ40	0.0347840496125815	0.42893437791999	2.49160482114865	19.9189059603619	23.4844828001332	22.5042333032848	46.2028888624479
DM101B/PHR30	0.0324868682802438	0.291700101456819	2.20365568679809	14.4175456714607	16.0449008608333	16.7843706128359	32.9730477282147
1614/468-3	0.0376933151619761	0.479687253227729	1.6450134563846	16.3160437909298	18.5715744175413	17.9168639961068	36.7237918977007
1614/DM101B	0.0323385800203367	0.397341088878929	2.01901600188901	16.4468544140893	19.2181403623546	18.4874310200689	37.894566039577
changK/468-3	0.0279957633306606	0.34705996357683	1.7126601631681	13.3612942984858	15.701186667566	15.035146856721	31.009889235557
changK/DM101B	0.0262092622362388	0.314880040097857	1.88786694925098	13.373536494266	17.759665500963	15.3018424923072	33.5767021092985
gan41/1614	0.0326603431457997	0.375984647531128	1.57074886610794	15.1029621641712	18.7062916137944	16.5194633621315	35.6393035292466
gan41/changK	0.0254659672007522	0.29686942060944	1.84690360572107	13.1714673290392	19.1325879841481	14.8989593401056	34.6754848069342
huotanghuang/1614	0.0318190378500305	0.391697532403875	1.80383965340419	13.8235478435688	17.2251132533775	15.5900192946603	33.2549258592622
huotanghuang/changK	0.0362801451238554	0.402728254466451	1.75780692749348	14.900301449193	18.9098208894213	16.5326661329991	36.073757690558
huotanghuang/gan41	0.0364284170970219	0.445558322831845	2.26649665713418	17.1636993098401	21.6776322699598	19.5791669415207	41.7849891714714
yuanwu05/changK	0.0459151525841784	0.437460947497437	1.89834127301865	18.8299178134593	22.7101679095681	20.7166809373739	43.6893295581399
yuanwu05/gan41	0.0410242133996888	0.542471042775809	2.12288241358376	21.0844538463204	25.0181317891512	23.2267312947309	48.4914568130438
yuanwu05/huotanghuang	0.0408133970555298	0.51074233307237	2.12916600870884	21.2692755057746	25.8632022243483	23.422140808323	49.6782076046304
ji432/gan41	0.0332661719346364	0.385675710789721	1.82909461396584	17.3779410652045	21.738733420271	19.1498809240935	41.1736987807789
ji432/huotanghuang	0.0405814990769549	0.496724096522142	2.12750452018454	20.3607170138084	24.3790465999171	22.509040136265	47.1831335721503
ji432/yuanwu05	0.0364284170970219	0.426027402608311	2.16619226703615	20.9867165887979	24.6701837115443	23.1612189218872	48.170053475813
DM07/2MA22	0.0273633142981835	0.341238460028465	1.78155020371452	13.5289270257195	12.3320778216825	15.2889772054742	27.4530906946817
DM07/xuan6	0.0362176007528629	0.416453204441601	1.85143368377357	18.9538636598531	21.8256687890898	20.7649677818879	42.8739024044158
DM07/5707	0.0313688248372051	0.375163023929982	2.32051166171522	17.6299110468199	21.8400156726046	20.020085796605	42.1447661518188
DM07/FBHJ	0.0448610708633832	0.485935602398063	2.44035439019391	23.6620155995178	26.1961494494406	25.9450650029679	52.4869889554114
B09/DM07	0.0411717848406001	0.449247014012833	2.48692470312553	21.3643291501433	23.2475228806355	23.952015870561	47.2712253343937
B09/5707	0.0295768859118534	0.401390602527831	2.04541304100106	18.3752260393373	20.5765779438852	20.4043216676175	41.0976958857764
B09/FBHJ	0.0416988257009977	0.407722468368539	2.25083217505678	19.1693481104884	23.9796752905748	21.4441083164429	45.7602020619937
lan766-4-2/DM07	0.0357363763466745	0.409367493531206	2.08359762750171	18.705100241631	16.377516215383	20.8355093348558	36.8389389283414
lan766-4-2/B09	0.0385946905879875	0.447707373793172	1.98093093690904	19.3073497347157	22.1619702011159	21.28054456942	43.6023656140649
baiU8112/DM07	0.0265832938247951	0.272583206730701	2.28245812725293	13.9908396990562	20.3770779321886	16.3528910119046	37.1807283813623
baiU8112/B09	0.0278271102553334	0.329825677226388	1.94571900877191	14.0678971026523	20.6567893952155	16.0582752461363	37.2789479768948
baiU8112/lan766-4-2	0.0364284170970219	0.43394540291367	2.15524851451662	17.9736388694814	24.0889212896957	20.2191368320093	44.7862238686535
J8606/B09	0.0341094373112726	0.397983132885544	2.301082903827	18.5476243548062	19.5473401975841	20.8950428148459	40.5439262711068
NN14B/M3	0.0326337229021593	0.416275048382897	1.55035551997627	17.0908651919228	20.6828939386602	18.5769010181262	39.4751755731717
NN14B/1145	0.0311580084930461	0.338324057241011	1.58665965494967	13.1822148570774	17.7549833132632	14.7181060274128	32.8470195583468
NN14B/SC11-1	0.0348472945158292	0.380897831769416	2.03713611408408	16.6962650313669	22.2301439052193	18.7510897599537	41.3609711225861
NN14B/W968	0.0402863561951322	0.512188971849611	1.61288597279907	18.8757789810029	21.9998059584522	20.3730579632214	42.717328781512
NN14B/468-3	0.027468722470263	0.348039606037503	1.57212182491799	12.646878134516	16.9042721286574	14.1852191699371	31.5339073696793
NN14B/changK	0.0253605590286727	0.313374007028449	1.63923309695179	12.2546747813643	15.0611726185774	13.8550222829483	29.2186981822142
NN14B/lan766-4-2	0.0350159475911564	0.375577680958921	1.82074383834702	16.2913219929443	19.0756539589894	18.109189792289	37.4296235303099
NN14B/baiU8112	0.037161681291737	0.387823718428454	1.77297837583937	15.0449792706506	22.4582018306895	16.6853109762783	40.3632619897115
NN14B/J8606	0.0432799482821905	0.518341179170628	1.6312112142699	19.8783771040072	24.6629551574946	21.4414564060538	46.4985857244535
NN14B/T24	0.037161681291737	0.482099287823775	2.05649257551198	18.1101716628285	24.429470009189	20.2131954393951	45.3666024698397
NN14B/PHT77	0.0669967870000816	0.405648791899918	1.93289665249842	15.9803416860298	20.1366912773954	17.906878525738	38.3883517450851
PHT22/baiU8112	0.028354151115731	0.390854383687949	1.83551105199277	16.2240263902155	21.1263882518693	18.065766298749	39.5684818253105
PHT22/J8606	0.0273000693949358	0.321198538157774	1.806173007404	15.0859748275045	14.5665213058983	16.8532816729374	31.3793558884402
S22/J8606	0.0477070915095302	0.605557893829432	1.72951836985944	21.5812600401538	23.8644696464136	23.2601275392931	47.2854301530315
S22/NN14B	0.0353743353762268	0.527036521073217	1.82498481258977	18.1539391330271	20.0801497284566	19.9530437102632	40.1979420227442
Sg1533/NN14B	0.0259930080611498	0.296213107267158	1.86400382162526	13.4295037768087	17.6085631588131	15.264126284935	33.4658335226043
Sg1533/PHT22	0.0248967630715228	0.275361053302107	1.8957282932181	12.2675848547982	14.8636674786786	14.2491299723617	29.2007699641566
Sg1533/S22	0.0264361635362117	0.288761472970462	2.01668624176183	13.2491988137942	16.0279101873988	15.3187341949675	31.5972251019598
T24/equn3	0.0286935914366323	0.34846561045958	1.53580741716519	11.8745221447663	16.516799625658	13.2727804489977	30.3369016737834
T24/zhonger02	0.0285333121333811	0.351541806394406	1.89794574849839	13.8337101581027	18.4806201955132	15.5663867426316	34.6386845923488
A619/LH93	0.0309471921488871	0.374028739507457	2.01023421943946	14.0548022876652	21.5688542025388	16.1496748743056	38.5590397584521
A619/K22	0.0408555603243616	0.561872004445163	1.82784007911237	18.9484495794091	23.9219457149128	20.6762694604706	45.0383438337784
A619/yi36	0.0256387802418493	0.295253542382529	2.01391041435397	12.8717746163901	16.8090866095837	15.0210094251841	32.1511108830351
NS501/C521	0.0313246822853731	0.374430598165024	1.69935960457657	15.7032594069912	18.1631042763263	17.3561443146787	35.7419868752826
NS501/A619	0.0451756464542966	0.604646264277243	1.95973606578451	22.1568251418106	30.4900938841027	24.1082441259081	55.1309777740443
NS501/PHT69	0.0357959680645448	0.406346078938008	1.76385160916697	18.6841560194392	21.5102310757862	20.437709355024	42.0898258495621
RS710/yan156	0.0290498450514558	0.34730383354696	2.0972015603952	15.7566614583322	18.0686469369661	17.952801794184	36.2490090972206
B7/SC30-1	0.0286914572663854	0.360160946654711	2.13805375822392	16.387852170623	16.5685179998973	18.6137607280815	35.1765699331283
B7/M101	0.0436594177016767	0.49185041659305	2.15158567117901	21.6874085182497	24.8774774715978	23.8653187198168	48.9487424520617
B7/yan156	0.0310104370521348	0.404696712009409	1.998317840316	16.0642225890987	19.1122960229457	18.084514010273	37.4614524623292
807/1101	0.0313649131574855	0.350707015494792	1.79070436517047	14.4067523894706	18.6017600320488	16.1190910242858	35.1684904876115
807/yan156	0.0332661719346364	0.434054549986576	1.76252808019939	15.9813013207589	19.1048984407403	17.6970720908755	37.214947586241
Lp215D/B7	0.0336034780852909	0.425723252584401	2.11444776236627	18.8864501673051	17.6549143324489	21.0184815334087	38.6043952184774
Lp215D/807	0.0448610708633832	0.467649462252172	2.01201300093251	19.1768416700718	19.4385473247542	21.147921288258	40.567907366486
1538/807	0.0336878046229545	0.377622797006443	2.3001777487904	17.5311729444992	21.1553596152239	19.8813695771834	41.28053371589
1538/Lp215D	0.0304431461174915	0.358030975855404	2.01301742755743	15.214920331098	18.164677935888	17.3017767737797	35.7122028237066
M3736/D1139	0.0219453342532964	0.188781881334483	2.25156084519461	11.3201931807755	14.5117595880746	13.6996382357983	28.4960230014392
A554/niu2-1	0.030736375804728	0.332202209936644	1.92077656644295	16.0351201438461	16.8480155093523	17.9587219815022	34.8143327262876
A554/1101	0.0313019822900582	0.30552349147551	1.82239405360773	13.5791194155096	14.1075568125948	15.4974743113713	29.482422478526
A554/yan156	0.0262459876741406	0.334701952763932	1.61307661468253	13.9830251116041	17.0377957836261	15.5343258180285	32.8764888401391
A554/MBUB	0.0342148454833521	0.354524786171144	1.98262083861819	15.7056516253759	21.4006690529841	17.7434945384706	39.8604052155519
A554/84-126-15-1	0.0279325184274129	0.312901507864227	1.85213537850655	13.1442413325029	15.5932086128552	15.0126150535619	30.8752395014519
PHN37/99122	0.0393376826464166	0.434206225852304	2.23390952612647	17.7328998647952	22.6901991029986	20.0821815839999	43.2342750918702
PHJ40/M3	0.030937501682149	0.39002008008773	2.09669058796811	15.6150440403088	16.3004620517999	17.8394942727614	34.154516843642
PHJ40/2MA22	0.0244118854799571	0.252543396711208	2.30339078622451	11.6860653391448	11.2660576081771	14.2929814089444	25.1470865764914
PHJ40/PHN37	0.0316053321123623	0.379014843070205	2.07829491770631	17.0173957147576	15.0238837898006	19.1183802836731	33.9298661497816
W182bn/M3	0.028775783804049	0.337249675154674	1.98343580726267	15.8389076977929	17.2758125534886	17.8272731366806	35.2720706326623
W182bn/SW153	0.0353316648666529	0.378570502473264	1.91677149093419	16.2493605204954	19.3134098657472	18.248662431153	38.0345870309783
W182bn/shuang741	0.0277224111841149	0.314894019604624	2.15116832399397	13.7514557115958	17.1500046637265	15.9992985723105	33.3717097961275
W182bn/PHJ40	0.0317272126222755	0.331841885323149	2.20967845618457	15.6157781636739	16.7179054465757	17.8820432625538	34.6681069508338
Co109/chang72	0.0298931104280919	0.337638078971986	1.79461535261095	14.8665280036276	22.6114257735831	16.5497165454052	39.8432878280471
Co109/nan21-3	0.0258875998890703	0.306190481025991	1.87673575113766	16.7441083651967	17.6572918078459	18.7281294269573	36.5023503992129
Co109/huobai	0.0241378242325503	0.274716799672077	2.08575459858427	13.5436006330615	13.62428366228	15.6801946222945	29.3313687676953
Co109/shuang741	0.0248335181682751	0.296337739326697	2.30515693604963	13.3251650500634	19.0378562228403	15.7222032777737	35.1927668833412
yun147/nan21-3	0.0301039267722509	0.299506926122971	1.81112966348088	15.805780757537	15.2672439563888	17.7016975196094	32.7549753826878
yun147/150-4	0.0291552532235353	0.34097109031536	1.81650226346683	14.8315213387729	14.0517116123401	16.6176586143393	30.6429723531087
yun147/Co109	0.0313266615683733	0.337997993329303	2.0111379455283	16.3097262192093	19.342192674238	18.3589894045076	37.9587979051337
LH162/D15	0.0436383360672608	0.509485200182994	1.84696171574948	19.2891958280936	22.4420869539179	21.1308378608735	43.8046946143716
LH162/SC-9	0.0279957633306606	0.406097185950154	1.60686482439411	16.7269344186943	21.0659465624165	18.2272388214168	39.6786539526038
LH162/96201	0.0346638344364396	0.433228420765637	1.88287071108063	17.5258760082872	19.4834749131806	19.3713895283235	39.1182209401023
LH162/PHT77	0.02377943644748	0.267786529693924	2.26722854078388	12.6156974948088	14.5379790397308	14.9571930821372	29.6592100585563
LH162/5707	0.028354151115731	0.308194113243742	2.14496501749822	13.6886818565765	17.3575097362093	15.9198861587312	33.5781307518281
zhangxi28/SC-9	0.0343202536554316	0.417761647137935	1.46651637186441	16.5180471306747	18.347310954154	17.7622977702494	36.939842750375
zhangxi28/96201	0.031832620794355	0.368604711090021	1.62210741667501	15.8082332791208	13.4235575966463	17.3751581607425	30.6272823777517
zhangxi28/807	0.0286914572663854	0.301106753630362	2.22317735722373	14.4697729899379	15.1798949364925	16.7603745064907	31.9906932098611
zhangxi28/shuang741	0.0234210486624096	0.330719476977946	2.05965834755017	14.2838514270435	17.8868916298749	16.295158902056	34.5605638459205
zhangxi28/LH162	0.0294082328365261	0.355584388813705	1.78274226656967	16.1788426181293	17.2312907115408	17.9352476038292	35.2619074108853
78551S/SC24-1	0.034678641440502	0.412063688230113	2.1516502192336	18.944945164114	18.6574584692033	21.140764071023	39.7700416387673
78551S/Q1261	0.0334559066443796	0.409333230971434	2.02809402159309	16.5990446757114	20.1315078003259	18.652621825481	39.0838795139954
78551S/M101	0.0469692343049735	0.533422630783206	1.90586263834642	20.7773092401151	21.8719836639362	22.6540622711531	44.7716062519522
PHR30/PHK93	0.02202966079096	0.26368458388544	1.77746129787389	11.0034614073985	13.3296483168441	12.7918708941936	26.366991613068
PHR30/M101	0.03510027412882	0.416595052222736	1.96261141049166	16.8423571626587	18.7041338007309	18.8135529769761	37.7219201577352
PHR30/yan156	0.0343202536554316	0.42660132096495	1.60176255966744	15.4209050518441	15.5008130393873	16.9434805297564	32.4977609992364
PHR30/dan598	0.030525559460569	0.339810680818996	1.80093591931264	14.7766178423399	16.8495211240903	16.5714674196862	33.58750953456
PHR30/78551S	0.0341516005801044	0.312701951310028	2.04247245629182	13.5632873516914	14.5864734992222	15.6936379123387	30.4249003446919
MO113/7903E	0.0276422715324893	0.316167216225734	2.05924274757444	13.541562953155	11.4637861485997	15.7007034450428	26.8231628180775
PHT77/yan156	0.0350159475911564	0.432606230802474	1.95264876397758	15.2009632200133	17.3577563217957	17.1507431478847	34.7157915481528
PHT77/HHe01	0.027468722470263	0.318492392627852	1.90324262256772	11.2910762981334	14.779980970398	13.2254843755375	28.3378855238869
PHT77/PHK05	0.0299890214249465	0.31855989327903	2.22234774312619	14.1692668567262	16.8023983179944	16.5633567418749	33.7665322846762
PHW30/MO113	0.0384571112800512	0.48453672109053	1.72115253475185	19.0602181866776	19.4875168703517	20.6961954108175	40.2163152728163
PHW30/PHT77	0.0328445392463184	0.424818757724335	1.71117514570011	15.5994454033432	17.1971082784918	17.2552469867087	34.6187911998186
L139/MO113	0.034678641440502	0.389331191483761	1.78277675493317	17.1288361574122	17.4480133993723	18.8703293790124	36.2807397908101
PHG47/PHT77	0.0269416816098655	0.288362190389966	1.93410355553811	12.3271461412712	13.4805769821655	14.2546199409879	27.9069487523692
PHG47/L139	0.0301039267722509	0.34752332042645	1.57985989340243	16.5475945180388	18.5760504156623	17.9775934588225	36.7655992426927
han49/1101	0.0348472945158292	0.430881485810782	1.87847007030723	16.583363456598	18.9552061195285	18.4864094281726	37.6532925326825
han49/SC11-1	0.030136105165893	0.374521611773388	1.88786694923241	14.0737811880543	17.1275873840221	16.0161713725277	33.3771916856453
han49/PHW17	0.0289779323929159	0.40713978547349	1.80702085292085	14.7566633614497	16.8742994514289	16.501014092408	33.4381873358746
han49/HBAI	0.0284436680487452	0.381276653780432	1.99805793458401	15.9538009697657	18.0980642326581	17.9585949122667	36.1308676485608
han49/5707	0.0279957633306606	0.337769199566611	2.00624234925225	13.7692117358026	13.7882284696144	15.865815061994	29.4482823621564
xuan6/SC11-1	0.0283752327501469	0.325718714000979	1.69305395623962	13.9385376039358	16.7131780828478	15.560137906897	32.5750370572234
5707/PHW17	0.0276584571800062	0.359241029090919	1.91910033210086	13.62610162639	17.0498370039258	15.6249926356302	32.9859751151357
5707/H114	0.023336722124746	0.254177256595989	2.44897058371673	12.8758423163544	15.1815250591539	15.4525638321741	30.7542550392356
5707/L061M	0.0319380289664345	0.394197465499054	1.75761545845249	14.476992060669	17.4215571530108	16.2439688773699	33.9214093878101
5707/NS501	0.0315796411813642	0.340744828272685	1.88315234006605	14.8626842276278	20.2648891774771	16.6736449742717	37.3444073170996
5707/LH162	0.0413404379159274	0.516710446872524	1.87427108157429	18.5337454062167	23.6521675437362	20.3790638582566	44.4446468438575
5707/MO113	0.0294082328365261	0.32229419037139	1.86226474232173	13.9826471986951	14.1421276514289	15.860937877203	30.0544351444511
5707/PHW30	0.0326758861709911	0.377682251893517	1.929509108561	15.1870008044797	18.9575788858155	17.1183788912962	36.3856166458196
5707/han49	0.0367868048820923	0.485931390452243	1.980349710299	16.5681513851558	20.3595705525025	18.5652099328298	39.2178827490532
5707/xuan6	0.0262459876741406	0.301424477802684	1.80833968050255	12.5934853314496	16.9302652118153	14.3590563465242	31.6638594538423
FBHJ/Lp215D	0.0503001325426863	0.617264808104691	2.07911775493314	20.9294924231821	22.7695518551897	23.0009265199011	45.8890371480366
FBHJ/5707	0.0288811919761286	0.280298941915056	2.41567970909651	14.3055623703236	17.1078256160339	16.8306515463383	34.1364472996353
CAUZHENG58/CAUCHANG72	0.042669899330457	0.51162168966791	1.62440222794009	17.289611588317	19.8925648134263	18.8895466922228	38.6424037318764
B73/CAUMo17	0.0293955935691761	0.376103056550138	1.82478311102281	15.6994765565851	17.0439815677973	17.5194850230894	34.4577685150609
1538/PHJ75	0.0332661719346364	0.388137955108003	2.10933075080655	15.9140174163229	21.2795362070738	18.0115468263409	39.6882947521908
20837/Z31B	0.0285200667216375	0.371846967371851	1.73279443763305	14.0701340550246	17.4594260163246	15.7410224762308	33.5071717738501
2MA22/HB8229	0.0273172083967061	0.29074058583647	1.7302859565529	12.6567244414954	14.1503107743693	14.3051861050655	28.410100765037
3335/KP3130	0.0268198736877364	0.323726470689726	1.95114923032609	13.7829231019146	16.8111361294916	15.8181053900399	32.876173642085
4722/91huang10	0.0229140320865791	0.263941656152209	1.80939738460725	12.4954861530887	15.6700895553806	14.2955724665263	30.1858602078342
4722/LH162	0.0346072588508357	0.376712433645627	2.24434919940297	17.9063038238506	20.549131670851	20.5543381444466	41.2313966470049
5707/91huang10	0.0316850493534437	0.409596998302018	2.0315806482492	15.964412614175	17.9641740697906	18.0034137367986	36.1053957120292
5707/IBB14	0.0268198736877364	0.422835104454884	1.89476591663287	16.6577952877804	18.3787890951145	18.5277396354126	37.1043315234323
7146/1145	0.0279917578117951	0.403796095545544	1.71203062419016	15.0409759698352	18.0841049417696	16.6275176267573	35.0235172391145
7236/xun971	0.0274994596580593	0.329720214381321	1.71514408673806	14.2496460881125	16.4604663644701	15.8540515758635	32.4194433596746
785/LH215	0.0364297714643682	0.401682605541047	2.10883270192407	17.0437873370966	18.9850043933322	19.2873700361326	38.2622474867788
78551S/ji444	0.0346072588508357	0.417502500907577	1.95935941091452	17.6198452392817	21.0547550949042	19.5964897187887	40.8978212620465
78551S/PHN37	0.0298142704253275	0.316841539560875	1.80288184307924	13.8136428978515	16.0326867777601	15.569126221712	31.7293546748718
7903E/B7	0.0302561535970318	0.41045085618102	2.04676242567838	15.7543465152495	20.4377192419825	17.9208908872504	38.9183093426967
807/B7	0.03031474311641	0.316060149936607	1.86523812062673	13.9888650363832	15.8226893550165	15.8603533400996	31.8839314395755
84-126-15-1/757	0.0371043208794572	0.354310801745163	1.76526570921094	13.6999248805912	17.2195291177815	15.3224641437365	32.8732123180206
9058/xing230	0.0309622336237709	0.400900488712768	1.88781257724669	15.8717462641199	17.2626014317308	17.7571842452748	34.9943146586701
91huang5/zheng653	0.0336088234030022	0.475874952389938	1.77263366189745	17.0173916895304	19.0687496965726	18.7250301861383	38.0201600659858
9702/shuang741	0.0263330515853986	0.313739924690019	2.01898177230438	12.9641938870652	17.3019663486496	15.0689685532161	32.7560895087895
9710/7236	0.0263514964596159	0.30484780770092	1.66660501474562	13.4219408536014	17.6220738237494	14.9495800333927	33.0730262471287
9710/ji63	0.035518515157602	0.484582746508367	2.07863996790351	18.0405536204417	19.8503328329826	20.1745094623589	40.0036871687459
A619/B7	0.0377565600652238	0.440062490315768	2.04577125227523	17.9306145191104	22.8010051893799	20.0717740391574	43.1751162878175
Ay420/897	0.0334592956523924	0.451771022985361	1.69688875437532	15.380451074852	19.4517170511092	16.9372907209169	36.8873197425677
B47/dan598	0.0300509773170047	0.378272530912939	2.12781371851804	17.1194861813987	18.7619508693984	19.327144526526	38.0496412691564
B47/H114	0.0285200667216375	0.29713791249521	2.16207543964005	14.2841869907587	15.8979509785473	16.5899326947756	32.440634957464
B47/ji533	0.0309622336237709	0.419527241442507	1.9114492158141	16.889219321638	20.6640763571576	18.8025852805342	39.7508106405637
B47/longkang1	0.033793212795034	0.42081564229413	1.95725206914089	17.9563595798657	16.5539338670245	19.9066770191041	36.3863465569835
B47/M22	0.0346072588508357	0.427026336582063	2.01314267101589	17.0179762960782	18.4078140651431	19.0592317561818	37.4301139050837
B7/B7	0.0267834353599226	0.370008394382213	2.07801126649502	16.9821331550647	19.7963553619369	19.102484771342	39.0837184242039
B7/BCC03	0.0309622336237709	0.328102089515528	1.93329385840843	14.4476010881964	17.5498653007202	16.4459889165995	34.1534994847967
B7/hai9-21	0.0312212533962938	0.434339447725984	1.8374727701515	17.6710896537093	20.1138180666656	19.4137158193649	39.7045261394347
B7/ji432	0.0353743353762268	0.475521589907267	1.85919204548425	19.2432233275624	26.0550625002864	21.0384904400666	47.8524658888929
B7/yuanwu05	0.0305807254254278	0.444864391813083	2.00397309458868	17.4654339054183	20.278964576716	19.5129965988687	39.8897488570457
chong72/zheng653	0.0344903595708837	0.419025835227869	1.91693053960799	14.1586004751758	16.4924972107898	16.0295602033543	32.772521798844
DF27/91huang10	0.0268982502436757	0.343508503049585	2.03484700473954	14.187066110965	17.938103352292	16.4212087046723	34.6621313809964
DF27/shuang741	0.0309622336237709	0.443328035978797	1.9016144656912	15.3450768503011	19.443461070895	17.2558080167123	37.0496295440723
E601/jian1495b	0.0273172083967061	0.322040930787424	1.85203916041277	14.1058095443136	16.9870470132995	15.953250030867	33.146652286621
E8501/huobai	0.0304648989148012	0.356133366776458	2.15851945765579	15.6827739003726	19.2480400552228	18.1589090198598	37.8151458376919
E8501/yun147	0.0309622336237709	0.356058456012401	2.09830946814932	15.4128023972896	13.7879435778785	17.5920639436301	30.9461097047662
equn3/zhonghuang64	0.0254946957831736	0.287829511675037	1.81924953642934	12.1076815919542	14.420739761084	13.9314588091088	28.5585293113617
F7/H114	0.0273172083967061	0.257887147994274	2.24434919940297	14.1066022269347	16.5501098440099	16.8281609377945	33.2201504084615
F7/SC-14	0.0309622336237709	0.333503238863317	1.89181981294249	15.0808846876824	17.1749570044539	16.9714754457427	34.1146099399494
F7584/R31	0.032256437327461	0.397906517686012	1.56217397106152	16.6558091533473	19.339494048381	18.0480037101693	37.6717224830107
FBHJ/han49	0.0273172083967061	0.281482633132026	1.79343221433923	13.0830435808866	15.2018229511326	14.8616658170574	30.210468895509
GN4095/ji833	0.03163678303886	0.493749084495201	1.74231436381986	18.2007057934528	20.5605917343576	19.8026918418934	40.5932526273408
HHe01/ji444	0.0248335181682751	0.304171860911799	1.93222573973472	14.0929198175157	16.7611517577866	16.0316067420132	33.0236533376813
HHe01/ji533	0.0392322744743371	0.347565714655709	1.91502997382161	15.8265059652261	20.6054735081055	17.8135349111403	38.7337052064378
HHe01/SW153	0.0261143500717747	0.268084391154294	1.68509654852116	13.3031110353108	17.2757230707037	14.9097978872389	32.5908514104761
HHe01/yan172	0.0359013762366243	0.428234834866644	1.62246494164099	17.3826055915619	17.9204545780577	18.9206590943357	36.9021651073583
huobai/nan21-3	0.03163678303886	0.358819601070715	1.93915867141287	17.4695286441859	21.096547831261	19.4154754741939	40.8966623372053
IBB14/91huang5	0.0273172083967061	0.371311284297839	1.89181981294249	17.321734347402	18.4871360413861	19.1689645676144	37.5368898865116
IBB14/B7	0.0245805385552843	0.249622360187581	1.92056021337603	12.1947193851709	14.4768476118551	14.1285109711303	28.8308041692689
IBB14/equn3	0.0285200667216375	0.31373992469002	1.87588810496872	12.9463561424206	15.3337205027118	14.8390553690268	30.3075613246919
IBB14/SC30-1	0.0273172083967061	0.275748421011527	2.01798148303499	13.727376695779	14.4090482004606	15.8540515758635	30.013837802892
IBB14/T24	0.0334592956523924	0.349824302175749	1.66660501474562	13.7091890193848	17.5481488448662	15.233538703039	33.224731102061
J8606/lan766-4-2	0.0254946957831736	0.305732750661413	2.15425831136861	13.7012632261623	16.0353977358916	16.0605669719699	32.0943615276769
ji444/ji533	0.027468722470263	0.309084186037777	1.93004830697238	13.0838343122724	15.8531844135871	15.0359124516932	31.1512973233983
ji444/XOP2	0.0325480393456262	0.353219482714316	1.97401704446655	14.504070103525	17.2662640388105	16.5635398141317	34.0050867162078
ji444/yan172	0.034678641440502	0.4168217448058	1.99896306348919	16.6978526139175	20.4929172254192	18.748359200401	39.6025923184281
ji533/Lx9801	0.0353316648666529	0.553801553677027	1.9093595163719	17.3594341693869	23.0377340418904	19.2463369803798	43.1248972825919
ji533/PHW20	0.0304648989148012	0.415546009602135	2.013360298525	15.3904891621483	18.6856776108233	17.5378794854178	36.6095699474256
ji63/PHR55	0.0291397210102385	0.275748421011527	1.94227213396076	12.604497502262	13.6328359221868	14.6149591992251	28.0633468109062
KP3130/PHW43	0.035518515157602	0.411593643263744	1.83277121483086	17.4852041351364	20.4809840642182	19.2867938152959	39.9577096181673
L473/ji444	0.0348548401787929	0.381300176399133	2.25348771225529	16.9760546758643	18.4066768428256	19.5251575219915	37.829718290296
LH127/F7	0.0397171520659028	0.473636257146062	1.97400978638203	19.342112740275	20.4168700014273	21.3027302482535	41.8284991872941
LH162/xuan6	0.0279368626853071	0.257708133532539	1.75664338218899	12.0723066548397	14.9400713335243	13.7956032253987	28.970634892884
LH82/2MA22	0.0256040465399856	0.251334960052726	1.87211021532248	11.7556228599128	12.0282232068499	13.6511444801532	25.589725062362
LH82/shuang741	0.0273721035231941	0.248488407932729	1.97953050079055	12.7315053315556	14.4057577945638	14.7761622428609	29.2445794690307
liao2204/liao7794	0.0285200667216375	0.390524231091012	1.9235859940806	14.8014815854495	19.1783607217769	16.7491033607528	36.331241090478
Lo1067/han21	0.0261143500717747	0.282611151824752	1.75664338218899	12.678789972753	15.150017557091	14.3969146302013	29.7217171579446
Lp215D/PHJ75	0.0441653769276584	0.559885993779439	1.89180960139141	20.2541974575135	21.0379679966359	22.1096806888112	43.2516760684936
luosu3/dan598	0.0297358938693882	0.335946999497024	1.95569536744226	14.9657079114012	19.7173347207443	16.9295389829233	37.2506836867189
Lx9801/M3736	0.0237648418153585	0.298270503363162	1.81119880014266	14.1305228584886	20.0450200811	15.934320590032	36.7328139037313
MDF-13D/fangyin	0.0304648989148012	0.346156517189494	1.8371393526874	14.0640095685199	17.4540568812905	15.8761647711119	33.8038458480217
mei68113/zheng653	0.0323807432891685	0.424507932365164	1.96367339888742	14.8995533716617	19.6494924470224	16.8934843248229	36.9432614895825
MO113/PHK05	0.0327847462373033	0.37351237200568	1.84260596495376	16.7402231182634	18.843325221816	18.5604810131534	37.4864162745688
MP/1101	0.0254402401528497	0.273293561528331	1.93116189107469	13.4076401423669	17.0945596856927	15.4180071490352	32.795433228326
MP/91huang10	0.0310947635897984	0.310923120021389	1.80812955725281	12.7492617153647	15.0475978027637	14.5486002365358	29.880433745118
MP/A554	0.0254946957831736	0.29074058583647	1.91198839433106	13.5445824084623	16.4235038750285	15.4926496326773	32.0726894055437
MP/BM	0.0261692451982627	0.292854075840966	1.7574562336347	12.1684943120011	14.9977370733949	13.8653742038341	29.0853557746243
MP/LH162	0.0261692451982627	0.265090420127538	2.07492627901432	13.0882602244457	12.923012590624	15.2713598703454	27.9677396184277
MP/zhangxi28	0.0309622336237709	0.360508985602261	1.9540308811414	15.1783129337572	17.2999264365426	17.2103329589896	34.464615843575
MP/zhonghuang64	0.0237270782961293	0.248488407932729	2.13454864040418	12.6779920976221	14.0121086253762	14.9530185383911	28.9441465630064
N68a/5707	0.0285200667216375	0.31373992469002	1.98320835547046	15.8360707748309	20.5036462580416	17.8632980225929	38.7947909198768
NN14B/E28	0.0297593752988395	0.334492439933531	1.81626574357885	14.3912134586258	15.0450444453076	16.1831632150562	31.1187301709574
PHJ40/C521	0.0275488787331493	0.312924171994148	1.84746411666125	12.5650700259801	15.8738653888257	14.3849603105584	30.5428009512471
PHJ40/F7	0.0305635166412295	0.36123661401922	2.247192344431	15.3865361041275	19.8757934843918	17.6976555822612	38.0294666030869
PHJ40/shuang741	0.0268198736877364	0.324861989257484	2.16519190287282	13.8765127207846	15.8821839393503	16.2338605206301	32.2311140202127
PHJ75/807	0.0425043247334434	0.528820769292823	1.72138566165522	18.6352061028455	23.1099881413139	20.1872306068417	43.9512268072466
PHJ75/B7	0.0366274169475663	0.498488686811122	2.10677861264462	19.6159896097936	21.9432139823687	21.8894439084751	44.1979357420247
PHJ75/RS710	0.0353718957387653	0.435646640156383	2.1150667892964	18.2527068133651	22.4714697624557	20.4145580273071	43.293169887569
PHR30/ji533	0.0285228041910582	0.383324446679489	1.81115942921899	16.2450615776244	18.4090421340131	17.9927792802789	36.5816557239753
PHR30/Q1261	0.039455142402832	0.446556022248493	1.86396363269074	18.3155172804175	22.3931622701418	20.1447442349323	42.8957000871077
PHR55/longkang1	0.028775218487532	0.355107836254472	2.01624194934031	15.1783129337572	16.8937757822541	17.3536474669378	34.0757203951021
PHT22/NN14B	0.0334592956523924	0.383379757015554	1.89605919484474	17.7439115766623	20.5991713897812	19.622024740388	40.4507268637349
PHT77/K22	0.0297593752988395	0.349019200603989	1.85203916041277	13.1247335888657	16.9345604574078	14.980540405451	32.2603752138495
PHT77/MO113	0.028155564198931	0.270159642678646	2.10245307825019	12.571763504886	13.6672723531512	14.8036841099208	28.3697690808355
PHW03/yun147	0.0331986678350998	0.354090115368258	2.19119035711201	17.0439336360121	18.237285023309	19.3194254627504	37.6314769336882
PHW20/Lx9801	0.034109924141866	0.450796173787005	2.07434068398374	17.5846254063523	24.4759627345252	19.7446222544391	45.2560594222515
PHW43/ji846	0.0251301932604672	0.295695193428796	2.03697897207328	13.765603365673	16.237686263788	16.016045392755	32.1701326975844
PHW43/luosu3	0.0273172083967061	0.299735884731436	2.00283961322014	13.4662419996123	15.4439979048258	15.5700929062172	30.989083298885
PHWG5/han21	0.0300509773170047	0.411593643263744	2.05897046765769	16.9163095404333	23.0137607832131	19.0312393108383	42.6014187764356
Q1261/030-1	0.0273172083967061	0.354471736376649	2.22616121974709	13.8415697071573	17.3684150842487	16.2066895247286	33.8082122282826
RS710/ji444	0.0304648989148012	0.323726470689726	1.80599007119531	14.9033479317745	17.4672256479577	16.5824494324301	34.315086801435
SC-9/yi36	0.0261143500717747	0.288939743867881	1.56891989588254	12.3453506743505	15.6501755241697	13.8572565128	29.8825445805132
SC11-1/1101	0.0291397210102385	0.29074058583647	1.79085343581229	12.9178591376621	14.8341168290392	14.6665880482517	29.515378993829
SC24-1/E601	0.0298142704253275	0.343508503049585	1.723791663745	15.2587768177874	16.4384701672266	16.755609223218	33.0676600422571
SC30-1/030-1	0.0450449998230606	0.512766697862333	1.72304198026343	18.021051806167	18.7794046848899	19.4487395913933	38.2818203758595
shen5005/W968	0.0268198736877364	0.372836916697302	2.08948255379859	13.0669951626677	15.3092653530053	15.3045412381513	30.7790818372899
W182bn/F7	0.0276795388144221	0.318460893311042	2.01127327322456	13.6928737290707	16.4299310851053	15.8167889439973	32.4587856685236
W64A/shuang741	0.0254946957831736	0.298936549125305	1.98029246667445	13.5706675192035	15.8426459764205	15.6014288562766	31.566806637577
W9706/ji444	0.0311580084930461	0.387031432982409	1.9955697963012	18.2331728755469	22.2768091928721	20.2457211681022	42.7845466773296
wu109/ji444	0.0267941101689541	0.360709593156021	1.57696329857828	14.9378633821852	19.1060856346668	16.4267989159398	35.892539855303
wu126/1538	0.0273172083967061	0.473933121905825	1.9540308811414	16.4935942557665	18.8308019796302	18.5001635305231	37.4202212519697
wu126/757	0.0327847462373033	0.485638728560728	1.88170465470137	17.8271914255968	22.0787647595952	19.6745864038321	42.2152425638701
wu126/PHN37	0.0346072588508357	0.500938868644769	1.85034576747655	18.6857297924488	20.7990705350285	20.4110236364985	41.4258443712414
wu126/zheng653	0.0281644164059878	0.390454754160552	1.56161036160841	13.4813744050457	16.9580420447411	14.9786516819094	32.2935908057716
XOP2/PHW20	0.0346072588508357	0.503629326350659	1.94227213396076	18.532255105247	25.146651383249	20.4748335637445	46.4846506241058
xun971/E8501	0.0364297714643682	0.506627759315648	1.74542782636775	20.9608077795977	21.2840712366005	22.5399875248086	43.6889468689261
yan172/ji533	0.0285200667216375	0.319965679263073	2.03090624458235	13.2317600567328	15.8848293395744	15.3519386260643	31.374098141078
yan38/E8501	0.0273172083967061	0.320724915486356	1.60915099803413	13.727376695779	18.5488470179212	15.1570621140044	34.2832458631277
yan38/PHW03	0.040074796691433	0.521619924140591	2.04826522266469	19.9684959341641	22.9473832614731	22.0753278835691	45.2493396625148
yan38/yun147	0.0273172083967061	0.315815176214371	1.79241679902291	14.7122928622269	18.4173056613476	16.4661332879045	35.2196393381883
yue89E4-2/ji444	0.0227253547266848	0.285514127228611	1.77295299159047	13.0093983258137	13.9970654999431	14.7620792072088	28.8901982697912
zheng653/2005	0.0261692451982627	0.284095860223909	2.13853211840439	13.0666412811052	16.0635618709602	15.5613216569834	31.6287468829071
zheng653/Z31B	0.0290498450514558	0.408611601056942	1.80102171789776	14.7283311087864	19.144862678378	16.5017462316388	36.0623524405298
zhonger02/H114	0.0261143500717747	0.317890427738722	1.48238051979563	13.6241904389119	16.8164657066516	14.9274835167919	32.0801154702349
ZPON7/M22	0.0297593752988395	0.411276746334524	2.07860413369424	17.031199666013	20.6217410087979	19.1897202390693	40.0566091251786
