Taxa	ADW	FW	ML	pSL	RL	SL	TL
MP/MM402A	0.95577238	0.031813315	0.064124811	0.272637145	0.266855187	0.240687341	0.257382909
MP/H114	1.251209689	0.043755129	-0.109708963	0.161305347	0.329701992	0.123684626	0.223613173
MP/HBAI	1.626414772	0.334983373	0.075039297	0.528432525	0.638379832	0.45299076	0.555853207
MP/dan598	1.30045915	0.447330725	-0.069467556	0.61785842	0.433395936	0.484107492	0.4522364
MP/BCC03	1.559716321	0.427865086	0.10755388	0.518022539	0.557488286	0.448054936	0.500443697
MP/MDF-13D	1.225116339	0.449713023	0.055245597	0.546796029	0.776880019	0.449329432	0.608573917
MP/longkang1	1.871014457	1.020018331	-0.014335066	0.889621917	1.236759081	0.720803309	0.951911757
MP/Sg1533	1.193219635	0.446505301	0.023500475	0.523215704	0.434437858	0.436947404	0.431432506
MP/IBB14	1.217936748	0.402757927	0.085689583	0.454838199	-0.00664241	0.393591362	0.171522207
MP/A619	0.595624187	0.087138213	0.130161118	0.448151345	0.38731209	0.407040083	0.390447003
MP/PHT69	1.351814879	0.475856948	-0.000194771	0.998836096	0.767079157	0.811943193	0.770653999
MP/Lp215D	0.887390828	0.232762476	-0.085086775	0.402234994	0.537504412	0.306751287	0.42791481
MP/M3736	1.592895638	0.888163	-0.033283297	1.066015772	1.055214691	0.801678005	0.933846843
K10/SC30-1	0.406144572	0.199744728	0.072292718	0.174966461	0.339483614	0.160618178	0.254845144
K10/yan156	1.228924541	0.902915161	0.272487671	0.635904045	0.775338716	0.592859737	0.691075221
K10/ji63	0.689493822	0.432463242	0.182333759	0.33601158	0.583838192	0.314455032	0.444915027
K10/84-126-15-1	0.768567443	0.718413835	0.244481861	0.557172655	0.992623678	0.521856482	0.762100291
K10/PHT22	0.412163919	0.155593541	0.074694642	0.258062835	0.29199941	0.232118566	0.270316991
K10/T24	0.553541619	0.363953915	0.066300738	0.202880877	0.28945781	0.188178457	0.246867262
K10/IBB14	1.117549878	0.559317389	-0.01827639	0.397715825	0.517217139	0.339669591	0.436630992
K10/A619	0.30401583	0.229637743	0.079834389	0.339236474	0.537581736	0.306876689	0.432038113
K10/PHT69	0.52766733	0.341459704	0.005366331	0.527590182	0.556919457	0.455382033	0.503599488
K10/NS501	0.304988074	0.240642305	0.031462199	0.287490156	0.188340353	0.257354328	0.230941893
K10/shuang741	0.327762571	0.458117743	0.130801735	0.257352233	0.529772032	0.240418994	0.391961071
K10/PHT77	0.656587379	0.556769169	-0.045393255	0.384844233	0.567186834	0.319605994	0.451299213
K10/PHG47	1.255318806	0.996583949	0.074758236	0.612112412	0.906875534	0.547950037	0.735237861
K10/xuan6	0.831530202	0.628379067	0.090009776	0.567027674	0.795976895	0.505036646	0.651955672
K10/FBHJ	0.940758225	0.616406139	0.159813511	0.437281077	0.454368526	0.406097544	0.436918372
78010/LH162	0.462854365	0.434629812	0.130865947	0.292149307	0.641032565	0.270790076	0.465520873
78010/han49	0.624985535	0.514529663	-0.025035949	0.478937258	0.725609514	0.405832164	0.57011359
F7584/huangchangb	0.812679427	0.315086577	-0.109607703	0.117238328	0.636965259	0.073191428	0.354216284
F7584/longkang1	1.883573809	1.299031016	0.331131657	0.971039258	1.3590588	0.878282683	1.107261956
F7584/E28	0.722686866	0.373936456	-0.095622426	0.325383992	0.917051188	0.25612502	0.563033731
F7584/A554	0.853456089	0.547873315	0.073958128	0.540258139	0.585855156	0.467374908	0.534594761
F7584/LH162	1.295350859	0.822073851	0.033277142	0.56901598	0.671569398	0.491614415	0.595832883
18/C521	1.207611952	0.682372101	0.142278537	0.495336696	0.79069602	0.441013515	0.621694519
18/M3	1.723830348	1.117138637	-0.032995481	0.519503502	1.277663463	0.435559577	0.822056163
18/MDF-13D	1.699765078	1.142118423	0.124209327	0.751735515	1.478622133	0.656459724	1.059145303
18/E8501	1.115164628	0.501538892	0.058514335	0.113895328	0.391557796	0.10191171	0.256173647
18/W968	1.846130713	1.156154515	0.209197211	0.826735829	1.375623891	0.744997405	1.05539242
18/LH162	1.505394132	1.184754383	0.129270246	0.525548014	0.787492519	0.469286025	0.640175611
18/zhangxi28	1.46150582	0.927026561	0.305200352	0.54923118	0.757335643	0.519800062	0.652302698
9702/equn3	0.794839322	0.335195693	-0.076057539	0.436194463	0.460221979	0.341358333	0.409309047
9702/longkang1	1.577025464	0.955615089	0.185122315	0.697491807	1.150643946	0.613084478	0.867180713
9702/84-126-15-1	0.877205111	0.301640164	0.122259283	0.215170093	0.502665493	0.154641154	0.310668331
9702/Lp215D	0.81035903	0.522418115	0.029946549	0.397578163	0.713021596	0.333985837	0.52903478
9702/LH162	0.762002079	0.356527333	0.121596338	0.275222417	0.249405998	0.249128821	0.253471927
9702/MO113	0.586291299	0.655487584	0.133046434	0.432437337	0.872936839	0.387053315	0.596992997
9702/PHG47	1.098250507	0.833379247	0.043987128	0.604765137	0.840959741	0.509547545	0.690991534
9702/han49	0.445308798	0.338842869	-0.024590437	0.223834911	0.372445734	0.178361823	0.284908042
2005/D1139	1.438737353	0.753687114	-0.199114727	0.535957743	1.07517701	0.382723386	0.731027821
2005/fu8701	1.640441457	0.877194605	-0.132120868	0.646164361	1.246829848	0.489402331	0.849802357
2005/Z31B	2.643319241	1.629651707	0.060179037	1.125380836	1.530601049	0.931944928	1.24837259
20837/2005	1.420687478	0.640906564	-0.16393583	0.523118118	0.620350534	0.388253316	0.524327021
20837/fu8701	1.211574475	0.517300314	0.140132675	0.429314282	0.616581581	0.382601866	0.510506345
mei68113/2005	1.499329654	0.742444586	0.088758095	0.824513894	1.327336592	0.688881243	1.014703833
mei68113/20837	1.57710754	0.992258819	0.108970626	0.7333826	0.769434889	0.634617137	0.717723356
chong72/20837	0.75077504	0.339345709	0.31633338	0.323198879	0.515340089	0.319305976	0.438097293
chong72/mei68113	1.136255488	0.773885724	0.133004096	0.659426623	0.799756541	0.590538453	0.712799739
91huang5/mei68113	1.871044613	1.473910396	0.149414722	1.206098227	1.171812862	1.035736536	1.098107817
91huang5/chong72	0.496596201	0.470547805	0.194271111	0.688431788	0.607726931	0.625995503	0.612069047
equn3/chong72	0.113713032	0.082076513	-0.037518938	0.225395468	0.310714997	0.179506603	0.256624647
equn3/SC11-1	0.39249721	0.241104353	0.156090979	0.260420139	0.368552758	0.248187857	0.319931129
xingK36/HBAI	0.663233647	0.23965688	0.137816453	0.413765677	0.45921826	0.370433809	0.429337191
xingK36/dan598	0.765662379	0.443196298	-0.064915057	0.538796047	0.620000276	0.428466393	0.550333493
xingK36/yu82	0.634266	0.112773301	0.031608351	0.30693384	0.369380951	0.260343084	0.333333327
equn4/xingK36	1.199852967	0.853899056	0.083445086	0.67251075	0.601454767	0.594001629	0.605614373
equn4/dan598	0.865222641	0.514051498	0.041405872	0.451591739	0.428097737	0.380997164	0.415150605
equn4/yu82	0.940425653	0.385789325	0.030776881	0.362843053	0.454749569	0.311570513	0.400745721
LH93/xingK36	0.510587115	0.297224332	0.340130723	0.357657596	0.495562942	0.349238208	0.440526587
LH93/equn4	0.592717103	0.143333826	0.3908181	0.194641435	0.234985976	0.206426748	0.230529353
LH93/yu82	0.47694737	0.144242964	0.314062484	0.306945825	0.351931272	0.30386696	0.336674097
C521/xingK36	0.7576777	0.486855169	0.095250976	0.53069629	0.735121706	0.460005229	0.622021902
C521/equn4	0.903492962	0.564372139	0.212236756	0.596435212	0.849756214	0.544909281	0.720597671
W9706/wu109	1.055526819	0.643393085	-0.103614466	0.472233264	0.521929426	0.396482438	0.474561465
BM/wu109	0.69258241	0.467054648	0.27372113	0.362049426	0.375156603	0.34866219	0.373364325
BM/W9706	0.682480292	0.346528052	0.272320934	0.378720263	0.55825591	0.366717569	0.472278902
BM/HHe01	0.999348603	0.67121143	0.452293019	0.748233357	0.995923211	0.712321189	0.867763725
huangchangb/wu109	0.64194458	0.156845959	0.369822653	0.174597036	0.203019667	0.203431419	0.210525126
huangchangb/BM	0.772800175	0.310159508	-0.04984171	0.279681285	0.608445669	0.235114641	0.422121981
niu2-1/75-364	0.436764678	0.29993614	0.058301253	0.184232045	0.791746594	0.172207297	0.44743661
niu2-1/S311	0.705454347	0.422082808	0.121542174	0.249510334	0.643909763	0.229723088	0.444347162
niu2-1/MBUB	0.479243618	0.291699671	0.12152609	0.220694993	0.755369579	0.210421185	0.48086158
99122/S311	0.573325655	0.463047281	0.140454437	0.297008373	0.559799101	0.280290844	0.425883486
99122/MBUB	1.217679093	1.150107612	-0.083686231	0.496599916	0.932145033	0.408373892	0.677718702
PHK93/HB8229	1.072576433	0.720127966	-0.034710147	0.514583935	0.527327194	0.423569619	0.489817058
PHK93/MDF-13D	0.686554355	0.545879154	0.157395575	0.401838034	0.658252572	0.356837197	0.520413769
PHK93/zhong451	0.752262042	0.352632583	0.491326611	0.280437776	0.740637072	0.304494531	0.509050802
SC-14/PHK93	0.727383813	0.473538807	0.355897121	0.462551883	0.604550673	0.448474485	0.5380774
SC-14/MDF-13D	0.443609252	0.236840367	0.31980099	0.28660069	0.536498545	0.292995451	0.430771162
SC-14/zhong451	0.573101573	0.197559205	0.598224388	0.253159933	0.614451303	0.290409911	0.448602216
M3/PHK93	0.582020264	0.279066585	0.110554519	0.275269966	0.651922201	0.246636291	0.450386527
M3/SC-14	0.627989343	0.329550986	0.126278814	0.193165633	0.300720521	0.181732105	0.246290586
M3/zhong451	1.270598716	0.717149806	0.335520389	0.551624716	1.582507634	0.530570501	0.973095767
SW153/PHK93	-0.073958505	0.011749078	-0.209680864	0.033996558	0.285452386	-0.003871237	0.158237306
SW153/M3	0.135130992	0.120054531	-0.27641617	0.019676343	0.265977379	-0.023638045	0.13001136
ji833/7236	1.680858744	1.097266279	0.265592096	0.883939786	1.09265127	0.794280424	0.953872262
ji833/xun971	1.485713733	0.98837027	-0.118455022	0.781497093	0.81572367	0.645404969	0.742681338
ji833/yue39-4	1.893881133	1.507782864	0.050950345	0.875041756	1.322060846	0.761855642	1.047818837
qi35/yue39-4	0.350379088	0.229397283	0.411432859	0.203175372	0.417955144	0.225361479	0.323500885
GN4095/7236	1.795571945	1.283494166	-0.078624535	0.80617892	1.171073957	0.647548316	0.908201768
GN4095/qi35	1.096001924	0.620456635	0.199422866	0.414118794	0.531258457	0.396539789	0.45572936
chang72/ji833	0.764525738	0.592117606	-0.185412257	0.627974169	0.458733036	0.499693256	0.487736464
chang72/qi35	1.080273358	0.785835793	0.073142963	0.6351717	0.63198709	0.562176675	0.598601457
chang72/GN4095	1.552762309	0.747105574	-0.158603964	0.661325939	0.754432944	0.519273716	0.652178515
nan21-3/qi35	0.985777491	0.668388631	0.412678362	0.504275074	0.618163514	0.491213399	0.558436161
nan21-3/GN4095	1.286968629	1.000519465	-0.014764437	0.587636647	0.960079464	0.499228635	0.727470857
nan21-3/chang72	1.089346806	0.67061531	0.074328112	0.536732292	0.603290415	0.48269951	0.555419003
huobai/chang72	1.119713712	0.819500587	0.064908099	0.554469359	0.855435492	0.482437426	0.677702025
D15/E28	0.822875053	0.555146663	0.223442255	0.570253996	1.111649191	0.517219255	0.790158258
D15/K14	1.211233612	0.574378946	0.318013174	0.513145	1.186559489	0.49380506	0.829828923
D15/yi36	0.559777913	0.22829351	0.381272979	0.38894241	0.590847452	0.385487771	0.496553878
SC-9/D15	1.248370485	0.697938006	0.280134589	0.648072122	0.932947956	0.603972767	0.777860575
SC-9/K14	1.378909902	0.36964817	0.239969592	0.362092171	0.685014122	0.344953869	0.518866126
96201/D15	0.884533283	0.736372169	0.190379814	0.552985263	0.504180443	0.504714618	0.51096011
96201/SC-9	0.637116358	0.667239984	0.076189969	0.258027163	0.323682411	0.231687382	0.285106524
96201/yi36	1.475972911	0.87021086	0.345643096	0.544883029	0.56137386	0.52113163	0.536350231
jian1495b/shen5005	0.917833164	0.7001683	0.117394865	0.58642575	1.036417666	0.516723736	0.79096674
jian1495b/Va26	0.854006778	0.641397282	0.285965239	0.700247216	0.572518624	0.645539904	0.613985289
SC30-1/jian1495b	0.641391017	0.556552747	0.238402426	0.539456837	0.831553119	0.495049015	0.668338427
SC30-1/shen5005	0.999588123	0.617274597	0.025658495	0.397944318	0.296457283	0.33085631	0.312694836
SC30-1/Va26	1.003970254	0.803031737	0.064532636	0.663821807	0.567085168	0.576170432	0.57740424
SC30-1/NS501	0.181209029	0.196307336	0.063800136	0.098932039	0.087005791	0.096586976	0.100484179
SC30-1/PHW30	0.404916445	0.3130788	0.081176332	0.246931673	0.45704927	0.219407592	0.336873241
030-1/jian1495b	0.525605171	0.365098144	0.176897473	0.394355096	0.606404744	0.365463303	0.499989211
030-1/Va26	0.592108977	0.257098993	0.238002312	0.312926245	0.390179956	0.303833718	0.360689701
E601/SC30-1	0.27475851	0.284280755	0.057555034	0.26704039	0.524877802	0.234451774	0.368369205
E601/030-1	0.352736604	-0.028703494	0.0366954	0.034399528	0.539339276	0.025117157	0.269052932
SC24-1/SC30-1	0.41856529	0.201414743	0.031727902	0.199551873	0.23139684	0.17134383	0.213323043
SC24-1/030-1	0.522371966	0.393117127	0.097807725	0.351612939	0.52150448	0.31665153	0.428436947
Q1261/E601	0.576891634	0.532804407	0.330838966	0.247176614	0.942417713	0.257373493	0.57279357
Q1261/SC24-1	0.878153992	0.334423982	0.201907691	0.236818172	0.429518853	0.229265761	0.332970888
M101/E601	1.755988366	1.076317743	0.123919703	0.860752499	1.935207199	0.761111335	1.269700412
M101/SC24-1	0.996300732	0.604953737	-0.08477582	0.490712322	0.582969621	0.401890079	0.497322127
M101/Q1261	1.565430419	1.236626073	0.353804328	0.971549719	1.119167215	0.886845843	0.983504695
hai9-21/huotanghuang	0.658223175	0.532411029	0.019070169	0.394324531	0.488601706	0.355369056	0.417648669
hai9-21/yuanwu05	0.787625203	0.706166611	0.32092582	0.63431662	0.680730345	0.603962378	0.637705466
hai9-21/ji432	1.685697241	1.21969704	0.300128517	0.818214946	0.996331625	0.769476457	0.872863617
7903E/hai9-21	0.754134088	0.506525157	0.01842664	0.247701904	0.694871318	0.22009158	0.44328206
7903E/ji432	1.629035821	1.128830239	0.231303822	0.755096845	1.38682013	0.686886468	1.033136367
1145/PHT22	0.589297208	0.140439161	0.354716953	0.204408179	0.35006449	0.217873918	0.296059904
1145/S22	0.615278828	0.40910884	-0.008841051	0.358715017	0.713916353	0.306491765	0.508148503
1145/Sg1533	0.791304564	0.416423493	0.302470927	0.411392317	0.394317892	0.39967807	0.402800068
7146/S22	NA	0.476344561	-0.027276532	0.381557559	0.635698352	0.324146735	0.488614373
7146/Sg1533	NA	0.725615822	0.191041872	0.533818046	0.688475377	0.492087157	0.604130909
d140/1145	0.902466879	0.577160121	0.184629383	0.57014127	0.702512534	0.513879585	0.613738652
d140/7146	NA	0.476720471	0.030341123	0.471608865	0.311240841	0.405223671	0.361713624
chengzi2142/1145	0.336795796	0.109632891	0.284091491	0.23649493	0.318424936	0.247846586	0.287846386
chengzi2142/7146	NA	0.230283162	0.0868111	0.400793835	0.331191188	0.358705054	0.348975072
chengzi2142/d140	0.684978199	0.396023859	0.372858381	0.494335383	0.5018674	0.484250326	0.498520382
1101/7146	NA	0.55089161	0.005658231	0.500256901	0.592265247	0.433333255	0.5253835
1101/d140	1.030429479	0.667456708	0.130430216	0.664988574	0.582343881	0.599163155	0.600011483
1101/chengzi2142	0.819282414	0.402347457	0.255111648	0.465278135	0.403940535	0.437467055	0.424879095
1101/PHW30	0.830436077	0.413191665	0.046289729	0.447510437	0.551775109	0.40139646	0.488444965
SC11-1/d140	0.53919106	0.377142022	0.238278248	0.241195046	0.461120343	0.238054157	0.361057291
SC11-1/chengzi2142	0.25339266	0.197686553	0.207980703	0.210058844	0.35677018	0.202151679	0.297614921
PHW17/chengzi2142	0.49254729	0.19864504	0.440208005	0.304798113	0.440695902	0.324549561	0.389061823
PHW17/1101	0.740814211	0.434321061	0.307031822	0.44087017	0.489808421	0.424894549	0.459144014
PHW17/SC11-1	1.41358726	1.085297123	0.481082534	0.697562457	0.878855374	0.674066133	0.783432139
DF27/T24	0.28241358	0.06266303	0.072300145	0.119887763	0.159154061	0.114626956	0.144415535
DF27/IBB14	1.099169942	0.782436462	0.210500551	0.641327875	0.581315231	0.586957093	0.587464239
4722/7903E	1.482656692	1.072673488	0.032562167	0.66079665	1.348962193	0.55637436	0.929634528
4722/1101	0.836176039	0.371674941	0.061309544	0.467080332	0.665382472	0.415279481	0.551132429
4722/DF27	1.094092413	0.39820814	0.110905182	0.459073937	0.44267392	0.411397799	0.436042204
4722/HB8229	0.816740903	0.659760456	-0.084780834	0.605457558	0.743666944	0.491628982	0.625854364
4722/Sg1533	1.177108644	0.669068309	0.27541986	0.620330343	0.752882161	0.577756958	0.674060066
4722/IBB14	0.77166357	0.224623477	0.187316779	0.228793062	0.350523607	0.229074669	0.296514847
4722/807	0.362910527	0.199614762	0.052913076	0.118930408	0.067125869	0.117862047	0.102293726
MM402A/DF27	0.753902054	0.680269887	-0.041526257	0.425233378	0.506224715	0.360233607	0.445192873
MM402A/4722	0.698180444	0.719929115	-0.094041829	0.41175549	0.600748206	0.333042659	0.474350589
zhonghuang64/DF27	0.842012299	0.493857025	0.048175097	0.535715893	0.560700481	0.462721971	0.523182928
zhonghuang64/4722	1.205814346	0.949466585	0.01125342	0.60831239	0.807917619	0.517834831	0.670181669
zhonghuang64/MM402A	0.935578382	0.397438995	-0.018768729	0.332053602	0.326996916	0.27796945	0.310119109
H114/4722	1.884319014	0.929846792	-0.009095088	0.673512729	0.676395521	0.567587133	0.622588585
H114/MM402A	1.400219675	0.911603608	0.045793458	0.456167044	0.710837411	0.396544337	0.560266789
H114/zhonghuang64	1.148252773	0.397226954	-0.075856604	0.246986329	0.531658514	0.193894047	0.377971817
XF134/MM402A	0.775910525	0.671785572	0.114496108	0.464391932	0.51437768	0.423944102	0.479643635
XF134/zhonghuang64	0.999142427	0.588408755	-0.132132831	0.370658201	0.532396685	0.298510354	0.428625328
XF134/H114	0.944506417	0.248315056	-0.038737617	0.155123262	0.328298013	0.128144906	0.235902406
XF134/shuang741	0.69049048	0.479094082	0.171603445	0.515410076	0.639775237	0.476228154	0.563969154
zhonger02/zhonghuang64	0.737531709	0.407047619	-0.015025494	0.239219911	0.273110009	0.1916904	0.242938709
zhonger02/XF134	0.78760065	0.412179552	0.022178848	0.201569389	0.543147292	0.175456784	0.369417977
D1139/H114	1.44009772	0.540712074	0.021111338	0.436905159	0.566401666	0.377022584	0.471707458
D1139/XF134	1.384030138	0.677959511	0.01015367	0.464438524	0.712392806	0.399891305	0.570916628
D1139/zhonger02	0.980138423	0.577387651	-0.032623752	0.296487235	0.537010072	0.23895642	0.396814347
fu8701/equn3	0.624929997	0.067041913	0.166494031	0.354513488	0.518928439	0.330057083	0.430370256
fu8701/XF134	1.403603888	0.620482516	0.068067718	0.35622762	0.719203209	0.315786632	0.520992962
fu8701/zhonger02	1.288478042	0.891550558	0.052731225	0.517056919	0.986015887	0.443492803	0.70817007
fu8701/D1139	1.777174609	1.131212941	0.105179969	0.932525491	1.151714109	0.793162276	0.976402481
fu8701/A619	0.582976284	0.137392869	0.153411925	0.234911507	0.478645989	0.223213936	0.360940237
fu8701/FBHJ	0.643007992	0.172088359	0.385603528	0.240049418	0.425662823	0.250215174	0.349953288
Z31B/zhonger02	1.612847871	0.942419621	0.063519116	0.669520346	0.819788583	0.57807233	0.712335124
Z31B/D1139	1.522935702	1.027556025	0.120996466	0.828538069	1.037607384	0.716534453	0.894480552
liao5110/A619	0.37674905	0.078981453	0.227238331	0.25315827	0.45921278	0.252494254	0.370564855
yan103/NS501	-0.024815913	-0.137354702	0.200536336	-0.057164068	0.005012443	-0.030334688	-0.003287994
yan103/807	0.386115604	0.285098255	0.046404558	0.200691997	0.367667064	0.184658732	0.291966032
yan103/A554	0.727440996	0.274491897	0.350996633	0.363453313	0.443276614	0.359926679	0.404894208
C8605-2/liao5110	0.342409521	0.24879199	0.027675089	0.282407148	0.24163203	0.251944462	0.253914828
han21/liao5110	1.25297505	0.723001949	0.275488201	0.527116691	0.450897381	0.495814589	0.472764642
han21/IBB14	0.607205107	0.420447106	0.228820767	0.609375747	0.39212437	0.553158596	0.473963559
PHG71/han21	1.117773811	1.092297393	0.292877131	0.66606984	0.617687901	0.621171556	0.628771788
Lo1067/PHG71	0.909225019	0.575397481	0.290264931	0.42035775	0.934264018	0.404803587	0.66720078
Lo1067/PHWG5	1.020331985	0.580581496	0.048351241	0.710342777	1.042279048	0.611053714	0.832271864
M22/PHG71	0.689715895	0.375502753	0.125769036	0.291637265	0.626880573	0.256397078	0.441862959
M22/PHWG5	1.506395509	0.992187126	-0.101359551	0.76074513	1.187439537	0.611230026	0.900385208
yan156/PHWG5	2.432627144	1.599617515	0.072104456	1.16603299	1.524551824	0.984961899	1.2716841
yan156/M22	1.795987631	1.25575274	0.246175602	0.932234118	0.983051275	0.833830843	0.919768307
ZPON7/Lo1067	1.047892864	0.865921051	0.055234773	0.651413336	1.167190386	0.567587027	0.879273367
HBAI/M22	1.527119064	0.601466141	0.058496333	0.566472694	0.708901582	0.492440284	0.616824665
HBAI/yan156	1.288056956	0.726828958	0.319997541	0.7574614	0.780107607	0.702343665	0.754358742
HBAI/ZPON7	1.173539591	0.882031617	0.154622066	0.756467656	1.051556372	0.675327911	0.883835332
dan598/yan156	1.55616004	0.689454113	0.297544772	0.781599751	0.777873034	0.709729776	0.758785712
dan598/ZPON7	1.192927401	0.861811875	-0.065024429	0.817055725	0.642788773	0.674074533	0.657411636
dan598/HBAI	0.979338345	0.522710103	0.01302649	0.507267171	0.438685896	0.426668381	0.442848834
yu82/ZPON7	1.639719647	1.048254554	-0.000242429	0.942146908	1.032013691	0.805025473	0.934138122
yu82/HBAI	1.043014273	0.387706792	0.033980853	0.488678308	0.554146602	0.421804056	0.50987065
yu82/dan598	1.43860938	0.734447651	-0.102399009	0.68430799	0.759952785	0.553423405	0.673613883
yu82/PHT69	0.581343732	0.136547811	-0.060642716	0.40411327	0.442139405	0.328770288	0.389865427
91huang15/IBB14	1.084471828	0.622945774	0.09357623	0.574761111	0.857147084	0.503169689	0.694533701
91huang15/Lp215D	1.160063027	0.60986367	0.097191975	0.685479014	0.949351763	0.591537897	0.780420795
91huang15/1538	1.340305155	0.780164246	0.058900901	0.783673617	1.323615791	0.674962627	1.017575022
91huang15/M3736	1.397876453	1.08331856	0.014643269	1.095279327	1.661810104	0.878829885	1.259050927
PHG35/91huang15	0.811437194	0.427223676	0.129188226	0.407916015	0.334411668	0.370283097	0.363070411
PHG35/1538	0.723878568	0.366769437	0.091658854	0.406976046	0.352234582	0.362389239	0.366679787
PHG35/M3736	1.095241446	0.730964894	0.039871205	0.92918666	0.891797399	0.76952343	0.85159829
Lx9801/91huang15	0.567378219	0.343243162	0.16313163	0.326973634	0.33062866	0.304900522	0.32665964
Lx9801/PHG35	0.388949327	-0.002041757	0.074428407	0.062391436	0.101980459	0.052830815	0.093625359
Lx9801/A619	0.332924675	0.112920231	0.290249674	0.172477986	0.164336986	0.198065884	0.173351054
PHW20/91huang15	1.048974176	0.615754499	-0.0650145	0.466566286	0.617230557	0.38558408	0.514829632
PHW20/PHG35	0.665435947	0.409223774	0.084648485	0.318433864	0.480790805	0.286433199	0.405288639
XOP2/PHG35	0.751349289	0.301840398	0.23690523	0.377552685	0.73458927	0.355597219	0.558819195
XOP2/Lx9801	1.029556647	0.87759596	0.225962237	0.577871031	1.191457992	0.527409755	0.860123924
HHe01/1145	0.782649177	0.452219707	0.301326534	0.501272079	0.692168959	0.473637789	0.597651254
LH82/H114	1.08879347	0.293453085	0.030930291	0.217093181	0.763404307	0.189223422	0.469190593
LH82/zhonger02	1.168327311	0.445060687	0.292887467	0.371198954	1.081944896	0.364952168	0.7085553
LH82/zhangjin6	1.175479303	0.818542001	0.109867766	0.580680983	1.573551323	0.498569881	1.009627047
LH82/PHN37	0.625494269	0.612177637	0.275341964	0.313097231	1.257925741	0.308803835	0.732436487
W64A/LH82	0.969695531	0.50003379	0.17405993	0.447324038	0.634669332	0.407665806	0.513896215
wu126/PHK93	0.635454582	0.194463453	0.193199763	0.339591359	0.551165957	0.316706038	0.449913824
wu126/SW153	-0.049404224	-0.076979623	-0.207136314	-0.038674783	0.236736293	-0.062723952	0.104523626
wu126/LH82	1.090385694	0.630434096	0.169882242	0.552814518	1.132986747	0.500322657	0.829254675
wu126/W64A	1.737805237	0.996169323	0.048065951	0.807180407	0.930643718	0.70543578	0.824506373
wu126/W238	0.907941893	0.41056924	0.342740539	0.505428108	0.482410797	0.486559706	0.487100822
wu126/MBUB	0.376306283	0.06481124	0.038628119	0.160541709	0.293661473	0.1311924	0.23364178
wu126/A554	0.911043433	0.523755871	0.222422229	0.568727844	0.508700441	0.524663768	0.516284783
BCC03/wu126	1.065995035	0.427344558	0.346924185	0.523561146	1.026630271	0.49988418	0.792093786
BCC03/PHT77	0.641567302	0.337780667	0.332218923	0.459333796	0.539053584	0.450474908	0.49457198
757/BCC03	1.16437742	0.822950916	0.300405037	0.56052733	0.820075692	0.527863598	0.688734278
757/5707	0.312038017	-0.058616781	0.138654471	0.138207483	0.12204415	0.135532017	0.134423975
ji434/wu126	0.637181151	0.096825128	0.126850393	0.180823948	0.066903906	0.181320323	0.119293784
ji434/BCC03	0.663577424	0.460377729	0.035280115	0.295480165	0.558314777	0.258458588	0.415593381
ji434/757	0.604440095	0.29522014	0.017330264	0.188017016	0.373401272	0.165565817	0.282662973
ji434/NS501	0.180796165	0.062840187	-0.10798893	0.124181448	0.233143632	0.092475521	0.181216613
L473/BCC03	1.130628783	0.802508174	0.085798493	0.645624531	1.346402526	0.560647118	0.915502811
L473/757	1.793281568	0.918443764	0.038926598	0.62069415	1.024396815	0.530337735	0.78543809
L473/ji434	0.601806817	0.3511505	-0.063024935	0.264664294	0.401062086	0.21338518	0.309960676
L473/PHN37	0.275762819	0.182398712	0.224995619	0.104329704	0.526872612	0.120155952	0.30620105
L473/xuan6	0.747472517	0.23965049	0.245186685	0.48948438	0.673399445	0.457197018	0.55325861
W238/757	1.710169632	1.025890572	0.144525827	0.75509041	0.561338386	0.685037648	0.606815159
W238/ji434	0.980797769	0.544516837	0.207270817	0.50371397	0.312958867	0.470778721	0.377236545
W238/L473	0.961252975	0.58856844	0.242403144	0.663312964	0.86060701	0.617448208	0.750157208
yue89E4-2/zhonghuang64	0.736870108	0.331796199	-0.115443464	0.231655213	0.397316792	0.174763323	0.301443005
yue89E4-2/BCC03	1.134340682	0.645654848	0.069476138	0.437070931	0.598413977	0.380975061	0.482995441
yue89E4-2/ji434	1.368028825	0.872145218	-0.035311357	0.66722963	0.811470708	0.558748772	0.693340234
yue89E4-2/W238	0.976473875	0.525807291	0.43100662	0.502129337	0.378467392	0.519640242	0.433018892
yue89E4-2/2MA22	1.80809924	1.080043591	0.209562216	0.722244603	1.530821709	0.653116425	1.047974187
yue89E4-2/468-3	1.740293637	1.312244733	-0.045259175	0.893547994	1.083274178	0.754679865	0.934992464
6/L473	1.13434305	0.736704023	0.062531942	0.672746718	1.408020121	0.58825299	0.981168982
6/W238	0.932968894	0.436334763	0.444285104	0.532859477	0.361669849	0.528406611	0.431791297
6/yue89E4-2	1.698089842	1.168879998	-0.000332173	0.933829732	1.222810256	0.808572347	1.02481523
9058/W238	0.796079891	0.408470052	0.306963723	0.381040471	0.379820837	0.382546959	0.374531815
9058/yue89E4-2	2.367450564	1.60969461	0.044768308	1.115871007	1.599072862	0.946767517	1.266648359
9058/6	0.922089813	0.524121702	0.07148727	0.536601315	0.917982158	0.469986905	0.69622984
chang69/yue89E4-2	0.641893713	0.313395399	0.218777435	0.268455944	0.45862071	0.270202301	0.379137896
chang69/6	1.086095615	0.772377526	0.155802259	0.703159854	0.759883884	0.626397691	0.704016996
chang69/9058	0.757192543	0.532495145	0.179805139	0.449132283	0.605265374	0.412955549	0.51406036
75-364/6	0.728312589	0.509018519	0.157955589	0.36081276	0.746675032	0.338953897	0.538093696
75-364/9058	0.774975467	0.518980822	0.038602674	0.428450709	0.783153108	0.373382986	0.598815272
75-364/chang69	0.725027544	0.477775384	0.196324711	0.298802248	0.462582051	0.289104195	0.379087685
S311/9058	1.051895628	0.675807476	0.149313881	0.516604153	0.688553867	0.466632118	0.588198922
S311/chang69	1.199220656	0.812183839	0.156892553	0.657664043	0.661839885	0.59185995	0.634835114
S311/75-364	0.612434175	0.574979565	0.192549893	0.29826136	0.675905301	0.282809284	0.486695108
MBUB/chang69	1.143665758	0.790535463	0.100882042	0.454648321	0.644136756	0.395525465	0.539800043
MBUB/75-364	0.693525964	0.639898702	0.016467374	0.406936964	0.686666831	0.357413425	0.526279574
MBUB/S311	0.53593214	0.500858559	0.170893161	0.309630154	0.569588812	0.284284204	0.452647238
LH127/PHJ40	0.957880595	0.445041583	0.045722012	0.38978013	0.427699155	0.339297987	0.388446813
LH127/W182bn	1.656704961	1.058305165	-0.062783729	0.797729782	0.971227667	0.640542516	0.814477825
shuangM9B-1/LH127	0.764660438	0.557763652	-0.084820937	0.469658735	0.648073254	0.394712336	0.533501546
shuangM9B-1/PHJ40	0.818257347	0.609212519	0.058996789	0.558272894	0.626347317	0.49896115	0.564613544
shuangM9B-1/W182bn	0.647953169	0.588022965	-0.07608855	0.509141065	0.739839071	0.422338411	0.591239151
DF32/LH127	0.94069544	0.343612338	0.079328453	0.369176377	0.379561955	0.326245162	0.357193473
DF32/shuangM9B-1	0.298648515	0.268342722	0.351318737	0.183904983	0.270104829	0.204063377	0.243207147
DF32/W182bn	1.094900459	0.653931065	0.115542463	0.723586844	0.522153438	0.63120603	0.581724035
PHN29/LH127	1.498696703	0.806223173	-0.015500763	0.870742324	0.990395838	0.7250674	0.870887967
PHN29/shuangM9B-1	1.059367189	0.788770784	0.065211506	0.631707376	0.853181358	0.554418483	0.716417583
PHN29/DF32	1.292919625	0.74502805	0.067150485	0.80278605	0.724079709	0.699879535	0.717738102
liao7794/shuangM9B-1	0.559419974	0.539282642	0.274751461	0.479761401	0.587177579	0.461496123	0.535163537
liao7794/PHN29	0.877464307	0.822273704	0.039481283	0.63420167	0.475157358	0.546611231	0.510917966
xing230/DF32	1.003136621	0.692739124	0.399146698	0.6267508	0.50661113	0.599122912	0.555300686
xing230/PHN29	1.514389106	1.282043806	0.044154569	1.112826241	1.239976455	0.955320605	1.109555642
xing230/liao7794	0.392374526	0.349512791	0.402159636	0.421215687	0.471096958	0.415159576	0.452230187
fu8527/PHN29	0.963164231	0.632973872	0.036863171	0.590666708	0.771642083	0.50939702	0.652149386
fu8527/liao7794	0.701973511	0.130502595	0.119177526	0.186097491	0.369256268	0.180540772	0.286574412
fu8527/xing230	0.124569632	-0.031085277	0.297418758	0.11245172	0.176488235	0.14193788	0.169889726
liao2204/xing230	0.091578933	0.050860237	0.381556566	0.205370238	0.392308229	0.231835094	0.326430117
liao2204/fu8527	0.493994259	0.539658084	0.111068291	0.404760767	0.523705494	0.3667587	0.456443682
8982/xing230	0.682221273	0.43163982	0.377992169	0.48923566	0.659418626	0.467057023	0.576348849
8982/liao2204	0.543643113	0.49642756	0.346687829	0.314718584	0.590420882	0.323688333	0.473479031
fangyin/SC30-1	0.517294539	0.337915331	0.234843776	0.433775529	0.776774853	0.407423316	0.592038686
fangyin/M101	0.883621436	0.513242336	0.024388762	0.557376689	0.960112721	0.480596075	0.718880097
fangyin/fu8527	0.663992313	0.491760609	-0.021644036	0.351144564	0.441889578	0.306346546	0.384181192
fangyin/liao2204	0.224074663	0.29610445	0.30186945	0.254441205	0.416922856	0.258228644	0.349736013
fangyin/8982	0.728828215	0.638101025	0.208582049	0.516258128	0.635242516	0.474392814	0.566702292
fangyin/Lp215D	0.852136057	0.804322877	0.172258899	0.727989089	0.927251938	0.655092557	0.800558317
fangyin/xuan6	0.438979953	0.028388219	0.296172341	0.136337537	0.425034486	0.1502398	0.292665724
HB8229/liao2204	0.805148342	0.724597828	0.025732623	0.550805889	0.533729395	0.462263558	0.510180219
HB8229/8982	1.253255116	0.942452567	0.21921111	0.757754201	0.95431751	0.675150614	0.828583781
HB8229/shuang741	0.712156569	0.412457033	-0.096983074	0.333047602	0.628441265	0.252802109	0.457508798
MDF-13D/8982	0.73209851	0.394142462	0.212556427	0.544453073	0.729933886	0.495328805	0.622802408
MDF-13D/HB8229	0.814729748	0.596356739	-0.001952461	0.437675494	0.684354954	0.359055274	0.531461171
zhong451/fangyin	0.37037615	0.140160222	0.576592265	0.244898769	0.635828452	0.262916539	0.434992812
zhong451/HB8229	0.923940835	0.263572362	0.147579448	0.172615843	0.596273154	0.171145275	0.3742214
zhong451/MDF-13D	1.557125617	0.276372771	0.326647332	0.33170643	0.903856668	0.332886604	0.584210294
zhong451/yun147	0.79273459	0.198399427	0.307052203	0.133470905	0.71127454	0.162078849	0.40121284
PHW03/E8501	0.418776876	0.107151071	0.148956721	0.148737589	0.291733652	0.161897016	0.226072072
PHW03/Co109	1.234991473	0.811773052	0.104968121	0.67752937	1.232874923	0.589084126	0.911086152
zhongyin15/E8501	0.807555094	0.482476111	-0.062723789	0.478564284	0.884906122	0.404857517	0.657287089
zhongyin15/PHW03	1.148251439	0.682670928	-0.031002294	0.566787774	1.452797196	0.473529819	0.916533012
zhongyin15/yan38	0.953552641	0.658917544	0.110585408	0.612606904	0.96977504	0.542798772	0.766370674
zhongyin15/A619	0.014010194	-0.275780696	0.339097229	0.047130533	0.071300154	0.09234785	0.085380466
zhongyin15/PHT69	0.593496319	0.17369099	0.1164749	0.531119533	0.578260062	0.471274149	0.523758929
L061M/PHW03	0.813543207	0.373678529	0.08044249	0.26209652	0.639599392	0.228786945	0.436428003
L061M/zhongyin15	0.891824516	0.578794316	-0.059934206	0.480730319	0.708340403	0.398284896	0.563644665
897/LH82	1.100287567	0.866117574	0.090964799	0.611531664	1.140604401	0.532151619	0.859926304
897/yan38	0.660494743	0.501461939	0.175361327	0.416977714	0.649739659	0.387580448	0.541278463
897/zhongyin15	1.397301579	1.065738074	0.128678315	0.756170428	1.174615569	0.673396514	0.950606999
897/L061M	1.19489114	1.018079562	0.11221182	0.728143757	0.850144553	0.641775785	0.770401222
Ay420/zhongyin15	1.007981683	0.681088805	0.16971013	0.712807675	1.088844036	0.632847111	0.863730145
Ay420/L061M	1.133870448	0.698376266	0.181472163	0.454575603	0.646368696	0.408859078	0.544565887
B98/L061M	0.791842955	0.738310416	0.030495832	0.917758838	0.923840523	0.771293746	0.868074945
B98/897	0.958286526	0.596939962	0.439443483	0.976094104	0.814259312	0.904001841	0.863682548
B98/Ay420	0.441506952	0.288347584	0.272150046	0.440001674	0.625436798	0.418316905	0.535345862
B98/xuan6	0.678796297	0.271341146	0.354900814	0.528676676	0.524558615	0.503382234	0.513164945
PHR55/897	1.157090126	0.77317778	0.328967768	0.842684382	0.696303105	0.779659322	0.741126655
PHR55/Ay420	0.960422575	0.507547053	0.340165845	0.758733844	0.972031168	0.698131955	0.851827378
PHR55/B98	1.143321562	0.948562091	0.302871568	1.078451262	1.197906316	0.966941895	1.102596586
xun971/Ay420	0.48704182	0.179926348	0.087227408	0.28636445	0.186876321	0.252187364	0.225889427
xun971/B98	1.556348024	0.780203531	0.17027655	0.821904299	0.806955534	0.728098165	0.780531755
xun971/PHR55	0.949508084	0.660534503	0.331492215	0.700023392	0.725135355	0.648979569	0.700237125
xun971/LH162	0.317352916	0.022111125	0.115679704	0.035832659	-0.091760337	0.038518538	-0.021004881
xun971/xuan6	0.59048643	0.283248298	0.003632075	0.2543826	0.312824509	0.213923062	0.26524702
yue39-4/B98	0.479384797	0.277797756	0.001279024	0.453474174	0.75141729	0.391228119	0.580536074
yue39-4/PHR55	0.757005328	0.543575825	0.13337645	0.476450718	0.733984131	0.432068066	0.592195043
yue39-4/xun971	0.615535984	0.452414735	0.07055706	0.477563661	0.662522488	0.429777325	0.554201547
2MA22/LH162	0.947127402	0.455243747	0.434209694	0.247165468	0.507359809	0.273707838	0.39807957
2MA22/zhangxi28	1.041238186	0.516764036	0.518512618	0.302384921	0.286598977	0.341639071	0.323470739
ji63/2MA22	1.117962793	0.84398721	0.340331082	0.504278583	1.303699423	0.482171501	0.806613944
ji63/LH162	1.192782184	0.754732158	0.236016597	0.518241423	0.807898696	0.482645439	0.643685359
ji63/zhangxi28	0.767544424	0.314028059	0.283932774	0.358133995	0.643184275	0.358284248	0.50018752
zhangjin6/2MA22	1.195617354	0.754428002	0.08492866	0.441943813	0.900068849	0.387944255	0.616236263
zhangjin6/ji63	1.229062567	0.823583911	0.09150266	0.486913344	1.143787017	0.420058669	0.747365204
zhangjin6/zhangxi28	0.710244174	0.500630544	0.17074333	0.558098511	0.521141349	0.510210216	0.522371095
longkang1/PHR55	2.090800923	1.325723209	0.285742224	0.949203636	1.598903526	0.861099755	1.226432527
N68a/7903E	1.037229816	0.565990065	0.015142827	0.423120125	0.696292855	0.356140693	0.532641844
N68a/zhangjin6	1.159688734	0.743442648	0.083124893	0.647514377	0.93594726	0.553437429	0.755232629
N68a/9710	0.739701883	0.525922209	-0.026798569	0.527140822	0.719774524	0.438790359	0.596856298
N68a/longkang1	1.130103769	0.63769786	0.145411535	0.694483899	0.95741251	0.607956853	0.783999637
N68a/Lp215D	0.986381327	0.573871211	-0.073538383	0.601360674	0.881429015	0.480823893	0.693807564
N68a/han49	0.804761998	0.369738588	0.00786665	0.445089568	0.67614259	0.369374179	0.533987659
ji846/9710	0.829823327	0.581342146	0.199048466	0.499650937	0.666653672	0.459730872	0.579022886
ji846/longkang1	1.519506521	1.101624521	0.258802301	0.702443667	1.080672791	0.643672539	0.862195473
ji846/N68a	0.585021018	0.298481343	-0.023717013	0.36704266	0.431730944	0.304657652	0.383056262
zaC546/N68a	0.998600154	0.529130484	-0.034592753	0.603669423	0.553838517	0.496699312	0.530876551
zaC546/ji846	0.520545516	0.403377786	0.30687761	0.332598146	0.336582046	0.3314797	0.342323616
luosu3/N68a	0.598322443	0.183495029	0.194000045	0.465041285	0.386433636	0.43188996	0.412034826
luosu3/ji846	0.575545555	0.296743662	0.409282494	0.461103505	0.600488355	0.455422289	0.542136821
luosu3/zaC546	0.628347849	0.440674647	0.387276806	0.608018014	0.789069936	0.580354836	0.694341795
PHW43/zaC546	0.436588023	0.216659083	0.056090133	0.258928182	0.2968969	0.226929503	0.26984172
KP3130/zaC546	0.609826998	0.47218837	0.062156307	0.428982107	0.324910563	0.372650839	0.35552782
KP3130/luosu3	1.167597439	0.804693081	0.159606991	0.733315709	0.922624183	0.655201196	0.811578906
KP3130/changK	0.711177111	0.267034905	-0.066149273	0.223084982	0.424612954	0.177474838	0.322283432
KP3130/Sg1533	0.679335745	0.27064546	-0.016839128	0.208274179	0.289609577	0.174244319	0.247122635
3335/huangchangb	0.653645929	0.248052967	-0.005709581	0.109160974	0.592585087	0.089032027	0.333080891
3335/PHW43	1.281304177	0.450942806	0.026268111	0.302048006	0.420230413	0.255005925	0.349895811
3335/T24	0.769457938	0.264472678	-0.014016798	0.317440048	0.49572842	0.270110358	0.39635107
E28/KP3130	0.814659568	0.800652519	-0.11601708	0.477421929	0.691294649	0.386260286	0.548578572
E28/3335	0.811416843	0.604440044	0.129957092	0.447590757	0.980027554	0.396284829	0.660529942
K14/KP3130	1.496355589	0.648359016	0.246931651	0.523370255	0.673489306	0.485851078	0.595761163
K14/3335	1.852278986	0.63858032	0.180602643	0.443783859	0.875039198	0.408169037	0.635071446
K14/E28	0.689885168	0.196255248	0.335154343	0.295361594	1.050547143	0.304276735	0.617404848
yi36/huangchangb	0.67978922	0.12900354	0.15012834	0.056785547	0.348116556	0.059681606	0.210619529
yi36/3335	1.66438931	0.828298564	0.196934709	0.749347768	1.151120774	0.663056145	0.913466313
yi36/E28	1.103773091	0.738396898	0.23593081	0.714881762	1.20497363	0.651625493	0.912731244
150-4/W9706	0.676810869	0.268388071	0.225897933	0.288588006	0.556615985	0.279239255	0.427920368
150-4/M101	1.165559177	0.519897644	0.021291875	0.632377174	0.771243672	0.536178865	0.655263868
150-4/HBAI	0.782914404	0.399297064	0.273315345	0.470153817	0.585598231	0.442995314	0.52831731
150-4/8982	0.776183365	0.571428528	0.156547983	0.403029775	0.709647208	0.364239957	0.551297268
150-4/78551S	0.690758206	0.450690631	0.24181357	0.413217849	0.554109753	0.399338623	0.475153675
150-4/PHR30	0.469827747	0.246024003	0.207004038	0.256489369	0.354642571	0.249019366	0.305580646
DH65232-DH9/150-4	0.586269663	0.398813842	0.257513784	0.288184618	0.493774172	0.281146227	0.397230439
DH65232-DH9/78551S	0.320346074	-0.099077903	0.397459396	0.034099701	0.098760938	0.075747165	0.090843671
DH65232-DH9/PHR30	0.511710785	0.266640998	0.267576777	0.33355336	0.845246032	0.320747396	0.573436045
P167/150-4	0.577169168	0.164679081	0.210866291	0.2794075	0.508341208	0.265587639	0.386341157
P167/PHR30	0.613834709	0.476614982	0.15508607	0.36484304	0.628131108	0.332890995	0.481157468
LH215/2005	1.690549094	1.14202682	-0.089088911	0.991891397	1.447210022	0.78896352	1.125437633
LH215/150-4	0.568265144	0.356656656	0.071866724	0.343699576	0.416220167	0.298039486	0.369740869
LH215/P167	0.523772724	0.325675626	0.243340591	0.292354461	0.601984451	0.283460557	0.456371491
LH215/yun147	0.727700203	0.355062615	0.179021014	0.380672047	0.752496143	0.352531972	0.563726922
785/P167	0.566744377	0.462331684	0.131543556	0.251937065	0.566206682	0.237544974	0.4119298
84-126-15-1/equn3	0.955103854	0.619539344	0.105868444	0.623937337	0.620783351	0.546001967	0.588845781
84-126-15-1/M101	1.016174543	0.512324288	0.127489137	0.432102783	0.685554878	0.390063499	0.533741988
84-126-15-1/7903E	1.030268408	0.452937475	-0.022872651	0.322862449	0.806340588	0.272332762	0.535454556
84-126-15-1/dan598	0.832994413	0.310306913	0.074773522	0.481674029	0.540744749	0.416835793	0.490291085
84-126-15-1/P167	1.020536095	0.691724334	0.291658571	0.402592765	0.696913867	0.391201489	0.551826339
84-126-15-1/LH215	0.925520816	0.496174804	0.094845035	0.511277107	0.469473178	0.449398321	0.466129211
84-126-15-1/785	1.424540591	1.036063962	0.070799248	0.590050754	0.78090987	0.519487691	0.657251761
84-126-15-1/B7	0.602770309	0.560788493	0.11761723	0.497847552	0.569763885	0.443388795	0.516255223
R31/785	0.693975379	0.45766805	0.140013211	0.310582215	0.478924003	0.28674012	0.392648945
R31/84-126-15-1	0.816668052	0.52466287	0.194535884	0.439937176	0.630796167	0.408267083	0.528302768
R31/shen5005	0.742420714	0.475463998	-0.110962122	0.581488529	0.629991403	0.472854485	0.554404659
W968/785	0.783792507	0.528193882	-0.033022465	0.385288702	0.811985932	0.32688571	0.576766396
W968/84-126-15-1	1.303957592	0.713419251	0.230276703	0.707244181	0.914733271	0.63824813	0.776618261
W968/R31	0.915772476	0.649697317	-0.006890675	0.46318974	0.958048651	0.387464216	0.700858263
LH60/84-126-15-1	1.007009385	0.600133369	0.27970269	0.455531067	0.76124204	0.429041026	0.613463405
LH60/R31	0.455344736	0.242243391	0.184833467	0.323213555	0.375123324	0.301747123	0.344518011
shen5005/R31	0.700068962	0.290080938	0.132175079	0.37468396	0.680615228	0.34408003	0.531313813
Va26/W968	0.617033517	0.332299096	0.152589742	0.48435819	0.540971955	0.43679043	0.502253659
Va26/shen5005	1.056599054	0.464226575	0.078292219	0.543938945	0.687040351	0.480210519	0.595170337
fu96/SW153	-0.208481584	-0.169467033	-0.013898394	-0.184602538	-0.006367809	-0.167292139	-0.077851765
fu96/7236	1.053515902	0.569765733	0.342211404	0.352657542	1.061937519	0.348628972	0.695029366
fu96/ji833	0.51202939	0.207043435	0.151949762	0.16420468	0.469199733	0.161258768	0.324288353
fu96/SC30-1	0.774233018	0.432665018	0.117405337	0.427464459	0.475528283	0.378640772	0.424700569
fu96/BCC03	1.317115556	0.92063101	0.398190516	0.683608819	0.919647937	0.649486174	0.783972232
fu96/757	1.347435785	0.756575188	0.214688427	0.476719085	0.892503523	0.442050181	0.684255664
fu96/6	1.188913893	0.804260666	0.326776463	0.663799157	1.150901084	0.622484945	0.888054658
fu96/liao2204	0.730720635	0.644483272	0.207040448	0.592562416	0.993505458	0.537431218	0.772019675
fu96/E8501	0.840975063	0.719182843	0.017059311	0.407726211	0.542920697	0.357182868	0.459460104
fu96/J8606	1.473030301	0.922779678	0.178194855	0.683844993	0.866347388	0.625315655	0.746768129
fu96/PHW30	0.578500614	0.356296948	0.317796859	0.248169534	0.777275076	0.254941697	0.49717201
fu96/L139	0.991606044	0.663397182	0.069741342	0.636539694	0.671790204	0.559431258	0.628568526
fu96/PHG47	1.397469796	1.015088484	0.28608269	0.681267916	1.018901443	0.635283364	0.831612586
Ms71/fu96	1.362606164	0.934694422	0.121746207	0.580478843	1.342305146	0.520997587	0.911773113
Ms71/L139	0.657250498	0.294529052	0.088428921	0.367434148	0.716926749	0.326432621	0.542452458
Ms71/PHG47	1.245909079	1.26894169	0.24954332	1.080889718	1.444877901	0.968642151	1.204054087
468-3/C521	0.656158907	0.260881509	0.237279707	0.421071557	0.624716312	0.387647349	0.530021169
468-3/M3	0.896758881	0.528655831	0.011482074	0.372810461	0.927122304	0.309692439	0.617596489
468-3/MDF-13D	0.76700565	0.530753558	0.118537806	0.353960074	0.755068513	0.313197781	0.554485026
468-3/R31	0.437934496	0.170705817	0.203706626	0.181142257	0.439630755	0.185334417	0.332372397
468-3/fu96	0.81690804	0.54325506	0.2159528	0.410947509	0.83962457	0.383523409	0.618753678
468-3/Ms71	0.840347581	0.694806331	0.146637048	0.567848376	1.426345652	0.506303162	0.996692525
468-3/PHJ40	0.560455024	0.386444324	0.273147316	0.485056274	0.611308889	0.457087541	0.53921137
468-3/zhangxi28	0.955825821	0.54940348	0.339063727	0.391471813	0.551642809	0.386967392	0.485520311
468-3/MO113	0.637885383	0.356541179	0.135041238	0.273084389	0.785852744	0.252785484	0.497357373
468-3/PHG47	0.872551702	0.542407189	0.343570963	0.294782594	0.646434607	0.289581609	0.485332605
DM101B/fu96	1.745354631	0.904632435	0.184444097	0.739938418	1.17131199	0.66653325	0.913691146
DM101B/Ms71	1.351037031	0.71960961	0.191914069	0.809844224	1.565561843	0.725639922	1.134839992
DM101B/468-3	0.859580636	0.493316654	0.442054528	0.400497335	0.58985897	0.411602817	0.514396019
DM101B/PHJ40	1.08453205	0.633297112	0.402143226	0.839835496	1.082754334	0.788231402	0.932719441
DM101B/PHR30	0.865653714	0.20865778	0.344472367	0.307077337	0.66617876	0.322814198	0.494299011
1614/468-3	0.772306496	0.642101615	0.009285679	0.409772076	0.60714171	0.353725844	0.494969189
1614/DM101B	0.580595464	0.32690488	0.137811611	0.357843011	0.628379101	0.32920148	0.485315371
changK/468-3	0.82012788	0.546466148	0.09414784	0.381748978	0.450469131	0.338781616	0.408242943
changK/DM101B	0.798479942	0.358688137	0.104089718	0.310001492	0.604124106	0.28544553	0.46188023
gan41/1614	0.592386492	0.355419134	-0.064754228	0.357377915	0.680814488	0.291242316	0.50228731
gan41/changK	0.741432454	0.415706119	0.143652849	0.428129505	0.839928536	0.380976696	0.637279954
huotanghuang/1614	0.316392539	0.151191648	-0.094341076	0.043350897	0.311326693	0.021292893	0.179794075
huotanghuang/changK	0.984185576	0.477590607	-0.087874771	0.313323432	0.524384878	0.24678575	0.406800402
huotanghuang/gan41	0.96107578	0.677155582	0.235970127	0.57440628	0.829474329	0.540513548	0.70737879
yuanwu05/changK	1.612560584	0.711377584	0.106291852	0.648817561	0.968179034	0.576351841	0.778868469
yuanwu05/gan41	1.296236466	1.181008445	0.308342417	0.920879354	1.277919238	0.84464392	1.073086539
yuanwu05/huotanghuang	0.895923009	0.639173898	0.100450544	0.623723875	0.991127491	0.554949103	0.783480145
ji432/gan41	1.400221684	0.755474782	0.25292777	0.74653762	0.96034802	0.685353679	0.834452542
ji432/huotanghuang	1.316202607	0.757947381	0.200558707	0.686529862	0.861627149	0.62707545	0.753473705
ji432/yuanwu05	1.166962436	0.603892473	0.387793119	0.727683812	1.017294488	0.688629521	0.865166265
DM07/2MA22	0.643907045	0.523070542	0.133531363	0.226808441	0.943937313	0.213175492	0.493719078
DM07/xuan6	0.995129155	0.652364942	0.06329455	0.70463018	1.373269582	0.613395781	0.959442371
DM07/5707	0.378552409	0.281655985	0.183879491	0.328929956	0.820146426	0.306800502	0.558021857
DM07/FBHJ	1.034711528	0.764297272	0.543378388	0.679832634	1.357689922	0.654581476	0.990940517
B09/DM07	1.183683826	0.872029659	0.290908665	0.724984058	1.500298271	0.666846576	1.041153998
B09/5707	0.687584687	0.630493721	0.099870697	0.639088096	0.698568813	0.550077347	0.631650878
B09/FBHJ	1.479248428	0.781324847	0.52004081	0.593418239	1.136090541	0.585605614	0.867722554
lan766-4-2/DM07	0.69543516	0.461330328	0.040540605	0.495880891	0.665439529	0.430015327	0.538728448
lan766-4-2/B09	1.435110166	0.91660997	0.041492196	0.847805641	1.227607984	0.714289081	0.974853918
baiU8112/DM07	0.173300342	-0.010590834	0.280272121	0.108835006	0.431840549	0.13273824	0.307705565
baiU8112/B09	0.596679249	0.440532655	0.156524021	0.331935344	0.4398575	0.307666656	0.403064708
baiU8112/lan766-4-2	0.853690588	0.612485904	0.225748575	0.682740797	0.618632991	0.620049134	0.637417416
J8606/B09	1.056013829	0.660205284	0.357721348	0.584629619	0.757880394	0.556655477	0.662430057
NN14B/M3	0.662959141	0.817607694	-0.081813151	0.612577084	0.855678554	0.508234538	0.686566012
NN14B/1145	0.45154689	0.323627209	0.188879812	0.308835274	0.502077309	0.290290812	0.40968338
NN14B/SC11-1	0.447630907	0.406978621	0.457271953	0.271751328	0.522891311	0.287184296	0.421053547
NN14B/W968	0.879514969	0.978199978	0.057189528	0.788835278	0.828974771	0.685519879	0.769222769
NN14B/468-3	0.331147952	0.481380984	0.095069846	0.259454108	0.353847199	0.234220114	0.310458136
NN14B/changK	0.29478776	0.379816931	0.038385198	0.220780919	0.193859733	0.194168841	0.19793206
NN14B/lan766-4-2	0.63192068	0.468872343	0.062612207	0.553176123	0.540760247	0.479561906	0.518602828
NN14B/baiU8112	0.613217773	0.544753054	0.186864919	0.41903845	0.338525552	0.378264024	0.385231228
NN14B/J8606	0.949747796	0.979784048	0.082954339	0.692504991	0.819911036	0.618348727	0.724918344
NN14B/T24	0.710690596	0.771684183	0.3749852	0.643498472	0.693347575	0.617881701	0.671823436
NN14B/PHT77	2.177110317	0.695429479	0.084092812	0.612246041	0.554515563	0.51910567	0.541086749
PHT22/baiU8112	0.428135337	0.409717778	0.259433206	0.427837031	0.232749083	0.407460682	0.312901435
PHT22/J8606	0.435641881	0.115212684	0.228825003	0.20635982	0.047119114	0.205644073	0.122419409
S22/J8606	1.128802684	0.848442093	-0.005662366	0.576556936	0.957755174	0.506634998	0.722783427
S22/NN14B	0.4119582	0.736977929	0.084951727	0.46947695	0.554828753	0.419689095	0.493010681
Sg1533/NN14B	0.334693835	0.325704193	0.253660662	0.328915154	0.356654927	0.319258456	0.353686252
Sg1533/PHT22	0.528055546	0.103046801	0.307014971	0.128984083	0.114326068	0.158473901	0.135248742
Sg1533/S22	0.342791923	-0.001605252	0.172522201	0.099561903	0.379650316	0.113302553	0.253254595
T24/equn3	0.588901192	0.190159032	0.010611884	0.172476365	0.256908375	0.143854007	0.214587865
T24/zhonger02	0.679048435	0.300378006	0.081007747	0.202417465	0.473770239	0.173549327	0.34608177
A619/LH93	0.439007457	0.255779237	0.444514437	0.267346466	0.458909589	0.292892445	0.398860213
A619/K22	0.250586564	0.328973155	0.186061618	0.308944224	0.463609799	0.290539781	0.379224031
A619/yi36	0.447314989	-0.001235171	0.43840876	0.262582599	0.329635666	0.296871469	0.313656696
NS501/C521	0.238301213	0.175659283	0.110484063	0.266985342	0.18210861	0.245122842	0.217640551
NS501/A619	0.53329994	0.566107649	0.161695601	0.507621712	0.643127831	0.471741347	0.57061515
NS501/PHT69	0.378465107	0.160591994	0.012382557	0.409505705	0.29085642	0.362746885	0.320840323
RS710/yan156	0.56678515	0.270906271	0.284021672	0.337056936	0.381864238	0.337291414	0.371559417
B7/SC30-1	0.223123716	0.115909233	0.14150232	0.288110329	0.345988488	0.26983756	0.316982655
B7/M101	1.19898898	0.63830131	0.138204764	0.712895636	1.103989435	0.634345864	0.874856919
B7/yan156	0.547638474	0.405199974	0.424731886	0.422753932	0.523652513	0.423346653	0.486761938
807/1101	0.257468505	0.031836888	0.038024939	-0.009843022	0.110826686	-0.007018697	0.070871194
807/yan156	0.63971129	0.526840368	0.065681067	0.365533195	0.359114702	0.332386854	0.365267294
Lp215D/B7	0.496812101	0.425443722	0.086595743	0.440049496	0.351150601	0.38708562	0.383314774
Lp215D/807	0.976207086	0.58555528	-0.084301474	0.417614247	0.333260145	0.344467884	0.353668933
1538/807	0.464352669	0.30418144	0.162900041	0.341089339	0.373688258	0.324342252	0.36368613
1538/Lp215D	0.827159546	0.461023906	0.019169328	0.370505909	0.654464245	0.314842188	0.497173348
M3736/D1139	0.573388204	-0.045219897	0.065738829	0.358931237	0.553521668	0.299104023	0.444741222
A554/niu2-1	0.592053459	0.097217044	-0.094295603	0.22831507	0.37364011	0.177103787	0.279067934
A554/1101	0.693579277	0.019342198	0.316511044	0.140842218	-0.045412299	0.163451061	0.041867064
A554/yan156	0.898078855	0.371038785	0.228494672	0.544046932	0.409283064	0.498082908	0.447344986
A554/MBUB	1.223565947	0.421691436	0.221478399	0.522630964	0.532072218	0.478135039	0.51982309
A554/84-126-15-1	0.899696457	0.32416287	0.166264651	0.302838822	0.2548921	0.285337551	0.271384339
PHN37/99122	1.116475622	0.676649037	0.181389185	0.321895956	1.16497591	0.3116595	0.699325348
PHJ40/M3	0.87688097	0.56403449	0.112146989	0.439913551	0.682374049	0.400835138	0.53158405
PHJ40/2MA22	0.758304162	0.148193444	0.556881066	0.26222222	0.515472016	0.337068269	0.398634254
PHJ40/PHN37	0.541347705	0.362460892	0.237576269	0.323193861	0.372552754	0.316987005	0.345779745
W182bn/M3	0.968828017	0.599266526	-0.072700534	0.537569413	0.859183925	0.423476535	0.637019486
W182bn/SW153	0.141764542	0.052106166	-0.226206124	0.022524884	0.131020726	-0.010825105	0.076355559
W182bn/shuang741	0.734552701	0.427414778	0.066132691	0.48621241	0.654372681	0.409590241	0.540917101
W182bn/PHJ40	0.90072169	0.383639714	0.054140507	0.507483389	0.524469182	0.43174175	0.477168988
Co109/chang72	0.805769672	0.349213483	-0.005274137	0.25672802	0.501053717	0.210769919	0.378452542
Co109/nan21-3	0.510662356	0.324882302	0.273536589	0.296555247	0.298395336	0.297443105	0.304780661
Co109/huobai	1.012742908	0.465743657	0.238043826	0.355970045	0.200112037	0.336674137	0.264463215
Co109/shuang741	0.736414829	0.431898612	0.397831337	0.440839192	0.535127462	0.437920841	0.4924048
yun147/nan21-3	0.626252946	0.207001686	0.10174846	0.217344962	0.448616188	0.205306346	0.323412602
yun147/150-4	0.726718194	0.409414533	0.003849969	0.430514767	0.486956841	0.360320601	0.432918114
yun147/Co109	1.440274912	0.768920043	0.128065202	0.651416255	0.670388103	0.569449209	0.626436759
LH162/D15	1.449272779	1.021078659	0.19120872	0.718619806	0.852998362	0.651767847	0.763571863
LH162/SC-9	0.852265525	0.674433925	0.181652966	0.506120655	0.680639569	0.461408575	0.582965002
LH162/96201	1.097184713	0.788478245	0.143207384	0.562574669	0.664708492	0.503037455	0.601443955
LH162/PHT77	0.384589155	0.125410902	0.214183031	0.197371491	0.160328757	0.195339719	0.184440886
LH162/5707	0.47517851	0.154455852	0.221883422	0.152712931	0.229156307	0.16080667	0.204070103
zhangxi28/SC-9	1.20228285	0.534799518	0.051502012	0.471121219	0.344849668	0.40857686	0.396810329
zhangxi28/96201	0.87268831	0.355673187	-0.035521572	0.39423866	0.047733023	0.333894496	0.186797404
zhangxi28/807	0.220952812	-0.049793586	0.143794604	0.056134444	-0.123689519	0.075286398	-0.028261254
zhangxi28/shuang741	0.334738944	0.238183206	0.221293422	0.387261045	0.38617969	0.357204124	0.38094444
zhangxi28/LH162	0.681962465	0.343502136	0.078832463	0.373305166	0.185428237	0.33317415	0.255976542
78551S/SC24-1	0.517845068	0.261015435	0.161307084	0.303393092	0.40169071	0.284152536	0.347957036
78551S/Q1261	0.905312741	0.721322162	0.296440753	0.501261506	0.988195273	0.479257584	0.718887462
78551S/M101	1.740722685	0.922752716	-0.02982404	0.695763327	1.157356795	0.590384797	0.856377504
PHR30/PHK93	0.169713835	0.076271092	0.202843964	0.088700669	0.471319442	0.101596694	0.288453684
PHR30/M101	1.251597828	0.702682474	0.075450558	0.533985949	1.375944047	0.465043018	0.863008029
PHR30/yan156	1.176024339	0.835243319	0.197866359	0.604814161	0.804082224	0.548070857	0.680639879
PHR30/dan598	0.689958602	0.374062657	-0.034225422	0.345498297	0.665601621	0.284487399	0.476376371
PHR30/78551S	0.583936156	0.164510783	0.197124408	0.077919902	0.411042791	0.096605464	0.246243492
MO113/7903E	0.635928322	0.403178258	0.033386663	0.288397333	0.797452817	0.255284203	0.463684694
PHT77/yan156	1.426177359	0.840817031	0.211063663	0.755096883	0.673566156	0.657719486	0.672423074
PHT77/HHe01	0.471016129	0.21098668	0.084911344	0.039835962	0.160604598	0.039717482	0.112713478
PHT77/PHK05	0.869520673	0.353101943	0.061986306	0.286473362	0.387696989	0.252041625	0.337781238
PHW30/MO113	0.807107302	0.862064293	0.008822703	0.513750149	1.319474692	0.443681148	0.813600126
PHW30/PHT77	0.660226348	0.638942898	-0.0831537	0.356659708	0.488617903	0.279976988	0.394286014
L139/MO113	0.800816445	0.590557676	0.015010812	0.540701441	0.776009872	0.461576058	0.616283695
PHG47/PHT77	0.813381727	0.348736017	0.188541781	0.343309171	0.276550047	0.312964824	0.301277998
PHG47/L139	0.969816615	0.603854164	0.107096229	0.690653405	0.560419836	0.604794191	0.587385128
han49/1101	0.853817367	0.513775131	0.190297284	0.406476612	0.715575802	0.379490172	0.55884142
han49/SC11-1	0.504667079	0.405989135	0.160698162	0.089862364	0.520769713	0.097419235	0.314266511
han49/PHW17	0.738737097	0.583812303	0.145992785	0.5216471	0.941890673	0.464587915	0.690697194
han49/HBAI	0.747691947	0.506512705	0.19473507	0.562194445	0.828727385	0.507843906	0.67830042
han49/5707	0.466493675	0.279765122	0.056075504	0.247700216	0.229874264	0.218925695	0.224631983
xuan6/SC11-1	0.597430775	0.249502718	0.208293049	0.179020086	0.385378191	0.175034561	0.289650064
5707/PHW17	0.455509489	0.230072309	0.222055991	0.267096237	0.386870631	0.263736725	0.32954246
5707/H114	0.432045526	-0.096601435	0.180392958	0.070875341	0.138949436	0.090297478	0.11907814
5707/L061M	0.743434624	0.537439769	0.023355917	0.355500292	0.326197747	0.30333725	0.320588052
5707/NS501	0.117368468	-0.050020029	0.024314431	-6.17627E-05	0.125409059	-0.006252098	0.072660945
5707/LH162	1.150814721	0.935531452	0.067682104	0.560711851	0.67490679	0.4859499	0.593729886
5707/MO113	0.40856262	0.189658726	0.009443403	0.180409203	0.404073529	0.152105477	0.274669949
5707/PHW30	0.496859105	0.31040552	0.099722707	0.183023263	0.442223086	0.165904792	0.314720596
5707/han49	0.926992168	0.841133076	0.042445754	0.501326761	0.816020956	0.426312568	0.630909162
5707/xuan6	0.559949544	0.167255967	0.079981604	0.266382757	0.40937279	0.23104573	0.324327002
FBHJ/Lp215D	1.766058474	1.398138352	0.248761246	0.65529544	0.96310424	0.602211652	0.790615917
FBHJ/5707	0.393895913	-0.004712278	0.595170988	0.107984049	0.22838327	0.162779068	0.20234138
CAUZHENG58/CAUCHANG72	1.302204351	0.923365047	0.165238087	0.74586765	0.876627383	0.675538855	0.757603336
B73/CAUMo17	0.677883203	0.413286837	0.158038697	0.340192762	0.497473047	0.319358786	0.3953506
1538/PHJ75	1.223917623	0.413096707	0.361992939	0.320395452	0.679458878	0.322033688	0.512614706
20837/Z31B	1.26289258	0.515947423	0.290568009	0.545428301	0.594852705	0.505394283	0.564915229
2MA22/HB8229	1.289957942	0.502028623	0.04239473	0.362578577	0.875357996	0.306881934	0.564246428
3335/KP3130	0.763157978	0.367710878	-0.004516295	0.223829227	0.312185039	0.189295352	0.266137225
4722/91huang10	NA	0.189299846	-0.057977337	0.264964371	0.533127037	0.209874299	0.367970279
4722/LH162	1.098573416	0.647435662	0.219861707	0.537070525	0.712076401	0.520047038	0.625314797
5707/91huang10	NA	0.574011898	0.106298393	0.580057723	0.455765418	0.499274914	0.468588339
5707/IBB14	0.428874623	0.544273282	0.047240198	0.444030453	0.372861534	0.379333324	0.381724562
7146/1145	NA	0.37347316	0.012174676	0.33410338	0.441406114	0.279401695	0.372273286
7236/xun971	0.78722467	0.425520558	0.292391806	0.399788962	0.53565045	0.379977648	0.454361712
785/LH215	0.756165712	0.31766413	0.089015514	0.301595079	0.412861716	0.279045069	0.351192937
78551S/ji444	0.952520504	0.537483749	0.163786856	0.401988573	0.545978531	0.376419625	0.461929823
78551S/PHN37	0.308799005	0.09382367	0.072564007	-0.03655544	0.386185643	-0.028342067	0.16471422
7903E/B7	0.440506297	0.480158659	0.053276559	0.30770535	0.746736114	0.278919567	0.531079831
807/B7	0.052821003	-0.078952872	-0.04285391	-0.07271282	-0.095215316	-0.067390032	-0.071126303
84-126-15-1/757	1.640445204	0.500227348	0.047116618	0.343737781	0.474643437	0.291347163	0.397549248
9058/xing230	0.47988035	0.315671099	0.117601693	0.507057851	0.613647665	0.448608446	0.530716004
91huang5/zheng653	NA	NA	NA	NA	NA	NA	NA
9702/shuang741	0.640278105	0.3677355	0.118972763	0.364675133	0.67398359	0.324237273	0.513492271
9710/7236	0.832820604	0.512965566	0.160695378	0.401080181	0.659813059	0.361823606	0.521721436
9710/ji63	1.110740034	1.108159764	-0.008683267	0.489355282	0.793140449	0.412613234	0.589644909
A619/B7	0.44188634	0.256285023	0.244481499	0.356790769	0.430034027	0.349456779	0.394631717
Ay420/897	1.048732043	0.608719082	0.275890405	0.66799011	0.719646944	0.603510546	0.681552986
B47/dan598	NA	NA	NA	NA	NA	NA	NA
B47/H114	NA	NA	NA	NA	NA	NA	NA
B47/ji533	NA	NA	NA	NA	NA	NA	NA
B47/longkang1	NA	NA	NA	NA	NA	NA	NA
B47/M22	NA	NA	NA	NA	NA	NA	NA
B7/B7	-0.061654759	0.066707529	0.224200483	0.157342212	0.239234675	0.162672122	0.21138441
B7/BCC03	0.502713888	0.218167446	0.286557978	0.221788192	0.474594722	0.232407866	0.36092439
B7/hai9-21	0.25359157	0.253301597	0.110049246	0.172438191	0.335177786	0.160682154	0.250242723
B7/ji432	0.711060027	0.629993386	0.201177487	0.49205922	0.840674805	0.455100819	0.674815809
B7/yuanwu05	0.239081626	0.386914729	0.171554018	0.254375219	0.443462341	0.243867727	0.351368215
chong72/zheng653	NA	NA	NA	NA	NA	NA	NA
DF27/91huang10	NA	0.124675841	0.100668828	0.296658698	0.365812299	0.281716891	0.327382222
DF27/shuang741	0.532980063	0.409200647	0.055396512	0.366650758	0.463793445	0.320090862	0.40516727
E601/jian1495b	0.423712745	0.2111555	0.290595514	0.153689946	0.635453214	0.165678886	0.401292114
E8501/huobai	1.195823402	0.639795517	0.303911512	0.421797261	0.794947262	0.426390693	0.62191535
E8501/yun147	1.103574462	0.612345433	0.196626082	0.411645324	0.259126057	0.385458886	0.319267128
equn3/zhonghuang64	0.497954818	0.05027805	-0.030777913	0.217259998	0.140412507	0.176565428	0.160665016
F7/H114	NA	NA	NA	NA	NA	NA	NA
F7/SC-14	NA	NA	NA	NA	NA	NA	NA
F7584/R31	0.680351417	0.398994035	-0.071947497	0.426581852	0.564309707	0.345963721	0.469357781
FBHJ/han49	0.485983792	0.141266935	0.179268357	0.103554778	0.472619073	0.110982717	0.293291058
GN4095/ji833	1.293236483	1.031452152	-0.253042669	0.827480531	0.888326636	0.604215197	0.756309521
HHe01/ji444	0.535215444	0.15449752	0.326550037	0.195171219	0.177315021	0.21035577	0.196159392
HHe01/ji533	NA	NA	NA	NA	NA	NA	NA
HHe01/SW153	-0.221372461	-0.332641397	-0.156603837	-0.223642527	-0.076693859	-0.222398531	-0.136735525
HHe01/yan172	NA	0.54803795	0.179276301	0.362318404	0.376297797	0.338981741	0.362955769
huobai/nan21-3	0.790791019	0.467623516	0.254497062	0.33398607	1.04577715	0.319031144	0.661894501
IBB14/91huang5	0.820142118	0.620818016	0.13073929	0.885056353	0.737618286	0.769794264	0.735191105
IBB14/B7	0.100875825	-0.161736777	0.122232884	-0.049255488	0.036508335	-0.031660333	0.013526674
IBB14/equn3	0.696360897	0.18911601	0.164296945	0.320612226	0.295947479	0.299619479	0.296731452
IBB14/SC30-1	0.584301568	0.007606756	0.069442089	0.262229133	0.398688249	0.236760367	0.311087835
IBB14/T24	0.927452761	0.259961168	0.020073651	0.212770119	0.322594447	0.177549133	0.266514056
J8606/lan766-4-2	0.35510622	0.09239389	0.216587067	0.158779108	0.37575759	0.178886311	0.275081552
ji444/ji533	NA	NA	NA	NA	NA	NA	NA
ji444/XOP2	1.283051228	0.44584047	0.225551713	0.352916949	0.670681976	0.345868811	0.512464588
ji444/yan172	NA	0.634729054	0.387428079	0.363347186	0.527190683	0.373909497	0.459501378
ji533/Lx9801	NA	NA	NA	NA	NA	NA	NA
ji533/PHW20	NA	NA	NA	NA	NA	NA	NA
ji63/PHR55	0.892270368	0.205806426	0.056277066	0.081097041	0.285885227	0.075820526	0.169729112
KP3130/PHW43	1.234409631	0.62290048	-0.102077473	0.5030615	0.402155551	0.404545628	0.409758315
L473/ji444	1.098684728	0.346256272	0.302159723	0.477107858	0.616109139	0.475292255	0.547224401
LH127/F7	NA	NA	NA	NA	NA	NA	NA
LH162/xuan6	0.911005219	0.138901889	0.143208468	0.240986868	0.319923083	0.2246509	0.275246311
LH82/2MA22	1.329594645	0.57107986	0.485273624	0.494098158	1.482786103	0.499325426	0.882363379
LH82/shuang741	0.830024355	0.247919675	0.281237834	0.514651731	0.762407647	0.481092716	0.622411893
liao2204/liao7794	0.353151072	0.394413985	0.117668316	0.483745814	0.697763407	0.42857043	0.582583784
Lo1067/han21	0.325878146	-0.001151831	0.047641179	0.052047297	0.14631557	0.045644203	0.106211062
Lp215D/PHJ75	2.013939565	0.999108747	0.070036495	0.619342037	0.77538973	0.541663284	0.667645542
luosu3/dan598	0.831022669	0.348123216	0.149344418	0.448739616	0.652341878	0.403235976	0.552719264
Lx9801/M3736	0.703839247	0.764770538	0.040363128	0.800939077	1.051325594	0.647434407	0.892779891
MDF-13D/fangyin	0.435692741	0.231980911	0.344522838	0.289722145	0.722174418	0.292500791	0.522434495
mei68113/zheng653	NA	NA	NA	NA	NA	NA	NA
MO113/PHK05	0.869260499	0.579725913	-0.04644911	0.382688881	1.103657191	0.317852349	0.659682035
MP/1101	0.753734517	0.103330618	0.173417587	0.296523439	0.514257886	0.286536766	0.407483441
MP/91huang10	NA	0.651232186	-0.053540227	0.677927223	0.676411719	0.532425639	0.597975769
MP/A554	1.098735846	0.403938975	0.074235277	0.56725998	0.418638744	0.486626126	0.438012808
MP/BM	0.836428601	0.1530352	-0.047174434	0.298815562	0.554341929	0.236183086	0.397029069
MP/LH162	1.078070709	0.359205965	0.134152615	0.396868012	0.201298305	0.363482634	0.271202299
MP/zhangxi28	1.370286037	0.60441402	0.048110342	0.599072348	0.457977182	0.517935802	0.474054111
MP/zhonghuang64	0.92132683	0.171623011	-0.006805512	0.382019356	0.29305817	0.318500203	0.303760665
N68a/5707	0.499730887	0.135970999	-0.111012452	0.377920973	0.463330616	0.294013639	0.391606474
NN14B/E28	0.338595505	0.409780875	0.143429715	0.325251796	0.416866795	0.297378935	0.354100869
PHJ40/C521	0.61791845	0.259663782	0.184472314	0.391878381	0.519390773	0.361177249	0.441402125
PHJ40/F7	NA	NA	NA	NA	NA	NA	NA
PHJ40/shuang741	0.502494707	0.253835125	0.227393684	0.416570069	0.475588767	0.404135645	0.438205138
PHJ75/807	1.024256736	0.629343142	-0.027903933	0.28711044	0.420318317	0.246519184	0.358449067
PHJ75/B7	0.765437414	0.518499161	0.38650211	0.394575557	0.486883289	0.401527388	0.459049187
PHJ75/RS710	0.837431745	0.389398967	0.208466932	0.253656916	0.469714757	0.249559923	0.373311143
PHR30/ji533	NA	NA	NA	NA	NA	NA	NA
PHR30/Q1261	1.464284834	1.177844608	0.308205292	0.872039798	1.849187968	0.797563167	1.273460244
PHR55/longkang1	1.38352467	0.847715355	0.734454427	0.747853065	1.086096714	0.761271448	0.908644616
PHT22/NN14B	0.544819887	0.453117622	0.342287072	0.588457752	0.407428301	0.557957838	0.474481803
PHT77/K22	0.011461701	-0.047373697	0.026390623	-0.0134869	0.192344001	-0.015579032	0.092773605
PHT77/MO113	0.495113628	0.116831928	0.074504363	0.196562575	0.611721894	0.178136896	0.368424345
PHW03/yun147	0.860541923	0.402844557	0.025125546	0.482750782	1.057523794	0.40916854	0.699051902
PHW20/Lx9801	0.940431249	0.842029699	0.223161373	0.567344867	0.759711049	0.52641847	0.683118744
PHW43/ji846	0.505356336	0.11339803	0.070332175	0.221124634	0.275515488	0.211546404	0.243135089
PHW43/luosu3	0.786379328	0.233994733	0.233268443	0.284424402	0.267843812	0.283852629	0.274110626
PHWG5/han21	1.056295433	0.774373308	0.126686918	0.697124453	1.019908717	0.606737284	0.841090475
Q1261/030-1	0.723226152	0.429424605	0.470837942	0.312014421	0.787987967	0.343948169	0.565229984
RS710/ji444	0.608073181	0.157755264	-0.018592319	0.106395962	0.102972584	0.082801793	0.099917768
SC-9/yi36	1.10468519	0.185197536	0.35722922	0.286960172	0.48972243	0.290468968	0.398564947
SC11-1/1101	0.32019709	-0.097278483	0.3791716	-0.12268889	0.008823647	-0.087701768	-0.033434826
SC24-1/E601	0.447629757	0.154482615	0.0588103	0.088170855	0.469284462	0.065862776	0.257595841
SC30-1/030-1	1.366574468	0.653348127	-0.091372359	0.526334075	0.83889181	0.414457051	0.623394945
shen5005/W968	0.711113475	0.377373569	0.183601481	0.38782685	0.59621562	0.369987845	0.481140225
W182bn/F7	NA	NA	NA	NA	NA	NA	NA
W64A/shuang741	0.788360717	0.353511774	0.118095977	0.602287387	0.599770829	0.522574072	0.557822283
W9706/ji444	0.971745041	0.430902977	0.134641732	0.405566039	0.585010926	0.371141522	0.489289403
wu109/ji444	0.913506225	0.368388603	0.090352458	0.311051455	0.282864381	0.281904268	0.286333697
wu126/1538	0.494192092	0.47186851	0.236233148	0.370771602	0.395799916	0.354707688	0.38157549
wu126/757	0.904998826	0.464562352	0.206516399	0.495894035	0.535857258	0.457399602	0.51336648
wu126/PHN37	0.646066665	0.468222324	0.266698329	0.323450289	0.617918686	0.308249431	0.473808523
wu126/zheng653	NA	NA	NA	NA	NA	NA	NA
XOP2/PHW20	0.917629956	0.851808249	0.010935505	0.56642849	1.22295526	0.488760838	0.87647393
xun971/E8501	0.99849867	0.866823919	0.158144223	0.736667136	0.636741797	0.657243151	0.646682817
yan172/ji533	NA	NA	NA	NA	NA	NA	NA
yan38/E8501	0.717071362	0.392447256	0.132660267	0.263475948	0.386118748	0.238244041	0.326882445
yan38/PHW03	1.105446998	0.991616074	0.134995389	0.745306794	1.031612436	0.665693914	0.844735076
yan38/yun147	0.773579838	0.451298527	0.106286972	0.487267727	0.681825008	0.432749357	0.565765767
yue89E4-2/ji444	0.878988781	0.243813825	0.047244983	0.223061187	0.125888296	0.201205032	0.165070188
zheng653/2005	NA	NA	NA	NA	NA	NA	NA
zheng653/Z31B	NA	NA	NA	NA	NA	NA	NA
zhonger02/H114	0.96738675	0.276974593	-0.298324017	0.167602264	0.505081426	0.080197861	0.29583815
ZPON7/M22	0.837182809	0.628463929	0.085347299	0.52309108	0.778732166	0.464187597	0.63234773
